10
63 6
100000
111100
100100
101101
000010
101100
110001
101001
111010
100000
101101
011001
100011
101111
101011
111100
000011
011101
101010
111101
100111
100110
000001
011101
011010
000100
011110
001111
011010
111111
100010
100000
101101
101111
110110
111100
001011
111011
100001
010010
101000
100111
101010
001011
011100
011101
000010
010000
100000
111010
110110
010100
110010
100011
001010
110101
111001
100110
101000
011001
110111
100011
010101
8
Q
Q
Q
Q
M 48 3 1
M 10 0 0
M 23 5 0
M 19 5 0
47 15
010000010010011
000010110010110
110011101110110
000011100001001
000110101100100
001010011010011
010101001001000
100010100010101
001000011011010
010100011100101
100011111001001
100000110001001
110010000011000
100010100110111
011100011101100
100010000010100
010111000111010
111101000101000
110101011101111
100111010011011
100101111101111
110000111001111
111010000101100
110001101000000
101100111000100
010101111000010
011010101000100
010011011010001
111100111100111
101011010110001
001111011011010
000111111111001
100001011011000
000001011011111
100101110110010
101111111010010
101101110110010
110000010100101
100101010110000
010100100100001
001100010111010
000110011011101
110100010011011
100100000110100
100100000101111
010010110110101
001111110001011
1
Q
4 4
0101
0010
0100
1111
7
Q
M 0 2 1
Q
M 2 2 0
Q
M 2 1 0
Q
26 56
00110110001110110101011000000101100010101110111001110101
00110000110100011001100010101001010101100011011011010110
11001001010100100111110111010000010001010011111011001100
01010111000110101000000000110001111000011011000100001110
10101011010110110011110101000000101011000010100111011010
11010111011001000011101100100001111111111011000010110100
10101010000100101111100000010010111110101010010000011101
00111101110000111100010100000101110110100010000001010101
11111001111100100011100010100010000100001010011100100000
01110100110111001110100110010111001101010110111110000101
00111011100001001101100111010111000000001100110011111001
11001000010011010100111011111001010100100010011110100011
11011111011111010110101101001101010000100101001001111100
01101001100110111110011011111011010110111111001001110011
01000000010001101110000111000101110000100100110100100000
00110100100111011001011011111000100100011110100010001001
11111000010101110101100111110010000111000111010001011101
10101101101100111000111000000101000111110110010011010001
10011110010010110100010001110101011010110100001000101111
11011010011101111110001011100101011011100111000001000010
00111110110100101110011110010111000001000001011011111101
01010011111010001000001100100001100011011011000011010111
01111101110101001000000100100101001000011100001110000001
00010011100101101100000001010010110001001110101101010010
10001111010100100110111110110101010010001011010010101101
11101000000001000100101001100010001011000101001100101010
8
M 7 37 1
Q
Q
M 6 4 0
Q
Q
M 1 40 1
M 18 18 1
80 65
01110101110100100111001000001110110000110011111111010000011010011
00011011110111010011110111111110110100000011000110010101001111001
00010011010000001110001101000101000100111000101100011000111011101
00010111100010100000100011011010011111001100001111000110110001011
00000000110000111000100110100011111011011101111100011000101111110
01001001001010101000001001001000110111101111100110100111101000010
11011110010110000011001001000010011000011011010101000000011001010
01110100101110110110001000011101101110111000100110000001011110000
10010110000100101110010110110010100100000101010110000101101000111
11101001101111111100010010101111111101011101000011101010010010000
01111111100010000100001000110111111100011011110110000000010110110
10101010011001111111000010011010101111110101001101110101011110011
10110100000010110010010000011011110010110000111001111010100000000
01110001100001100000000101011010101000111000110001111111010000011
00101101101011111101000000011010011010011010111101011010001101010
00001111101000011010110011111101000100100001111100100100001000001
00101011011101111010011111111010011011001110111001111001001110001
00110100101100111101001111010111100001000010010101010101101011110
01101000101000101111011011101000000111001110011001010111110001100
10100000111110001111010011011011111111011010101010101011011101011
01101110101111101000100100000011000000011001100011110010001010101
00100101010101010001010100010111010000010001011101001110100000001
01010100000010010110110001001100100101011111101100100001110101000
10000010000001101111011100111110100001100100111111100010100100001
01010100100100011000110001010100010110000110100110000010000001111
11110111101111111000011101011001001011001001001010011001011100100
11000101011000111110110110100011101100110111111100010000100100110
11100000000111101010100010010000111000111111100111001111000111010
10001000010100001101111001101100110000110001101001101100011110100
01111000011110010101111110011101111001110110001110010011011010000
11011000101001000110011110010110101010110111100000011001110011100
11111001010000000001110001010001011000000111000010000011001011100
10011100101010110001001001100001011010101100000011011010111110110
01111101011110011001010010110000000000011001110001111000110111011
10111111000101000111100110100000001111111010100010000011000111001
00010001000011010100010110110000111100001010000011100100000001100
00111001110000000010001001100010011010010000101010001100100110100
10001100010110101111001010100000100011111110000000111110011100111
00000010101011101111100010100011111001011001011001101111101011111
10111111101100010111011010000010011110111111001011010110110001010
01011001111000000110110111100111100001000111010110000110100110100
01111011010100111111100100111100100110111010001001100001010111111
00100100011101101011001110110110001101111100111100101001000011101
11111001011110101100011000000101111110001000011011111000111101100
11111010001000101110001111011001011010001101010110001001010011001
10001111111101110101110101111110000110011011101001101010110001111
00111100000111011001011110001010100111101001101010011001000011100
11011110110001100100110001010100110100001010101000100010100010110
01101100100001100110110101111111110111110010101001000101101101110
10010110100000011101001110101110011111000100000010000101010010011
00101000111011000111110100101000001111011001001001011100001010111
01001011010111110101010101110101101011000110011100110100100010111
10101000000000011011100110100001101011010110100010001110011000111
00011100110111000111100101100011001001111111101000001011010100010
01100010010101111110110110100111011101001101111111010111111011001
01110010110111100111101100100100100011001010111101100011111011100
00000001010101001010001010111001100110000111100000110101110001110
10101101110001100101100110111110011000100110011000000100101111000
11101000011100011011101100111001101110011110111001001100010100100
01101101101100010010001001011100000001010100000110100101111011101
01110000111011000011111100011111001111110001101011000111100101010
00000011101000100110100011010001111101110011101001001111000101111
01100111100000111010101111010001000100101011101111010010000111100
01101111100000010100110001011001000100111001001101111001001010111
01010001011110110111010110000011010101101101101000010001111001111
00101100101000000011111011111100101111011110011111000111110001100
00011101100111110110111000101000100101101101110110010011011001100
01111110110100111011010001101100101111000010110110101010100101101
11101010010010001000000111100000101111010110001111011011011111011
01010100110110110101001101111111101000010110101011011110110001011
01110001011000000010001100101111111001010100000100000101001011110
10010100100010110010011101111111110100001101100000011010000010010
01011111000010000000111000010011101000101011100101000001010110011
01101000000010101010111000111101101100011110001010001010111010111
01001001101011000100110011000101100110011101110010100110000101100
11110111001101011100101011000111001101001000010110111111100111100
11010100111011001101010100010100011000100100100001011101011100001
01111001000011100010110010110011111111011111100010010100101001000
00011011111001111101100001000110111101011000101111010000010000100
11000001000000000001100001000100111010001011101110101001110111110
4
Q
Q
M 49 57 0
Q
35 72
011010000011111000100010101011101010111100100001101100001011010101111111
101010101101010000101000101111011101111000111010011010011001111101000111
101110000001010011101001010111111110101101111100010010111010001111011010
010101111110011101000000011001111001101011101111001110110100111111111101
011011100101011011011001100010010100110110000010011100110000110000000100
000101001001001100001000110001011101000011000100101110101010011110011000
001001100111110000010011111000111001000110110001011011001010101000011101
000100010000111100110100011110010101001010000101001011101111101010000011
010111100011000000010101011010000100111110101001011110011001110001110010
111100100101011010010000010000110010101100101101110100000110100100111011
011001100000100110011111000111100111001110001101011011000000001010111101
110111111011001000010101000111000010010110111100011111000110010110011011
111101110100110100010011101111010011101000110011001111111001011110011001
001101010010101110111111101100101110101001001101001100101100010110010111
110010111101010110000000001100010100000000001001101111100110111000001111
011101010001001010111110101100010000000001010011110000101011100100010001
100010001111010110110011010101001011011001010010001111101110110100110011
101110001000011011011100101001000100000111000001110101111110001001000100
111010111010111111011000111110101110100110111111001000000011010011010110
110101110010101110110000111101110111101010001001111111001011101011010111
000111001100110010011010100110111000001100001101010110011011110000111000
010001010000110100000100011000011100101110000111011100110001011010001001
111011100111011100111101111000011001101011001001010000000110011011110101
110011101110011011011101101111111000010010101101011101101011011100010111
111001100101011010100011101100100100110111100100100100101001101000010111
001101011100010100101111011010001001101101101001101101101010101010011010
011000101111100010101011100011111001111011000110001001110101101001001101
111010000110100101111000000101001001111011010111000111001110000011111011
010101010110010000111000010011111010010101111000010101001010010001101110
010010010110101011010101111001101100110110001010100011101111100000110001
100101000001100111111000100000011000110100110010110010010110011100110110
000110010110100001000101001010101101011101111000010011111011100101010100
100011010000111111000110001001110001111011111000011001000011100111111001
011000111100101110011110101110101110100101010101011111010000001011110110
000001101000010101011001100010001111000011111110011000101001111001111011
4
Q
M 0 36 0
Q
Q
55 36
000001011111001110101000000111100100
110111011010111000011101010010110001
110010101110000111101111011110101101
100111101001010111111011001010110101
111010010010000010110010110001100110
010000001010000101011000001000110101
010111110110100101010110010110000111
011111101010000010101001101111101101
101111011001011101011111110110000000
011011001001010101101111000111100110
111100101110100100010100001110111100
101110111011001101000100001010010101
001010001101110010111110000101010111
011110110101110010110011100010100000
010111001111001100000110011111101001
100101000101010110001111100110001100
101000111011100101100110001011110111
111101101000010110100011000000000001
100110111001001101100100001110001000
100101011000010010011110111000110100
110100011001101010110101101000000111
000011111101001010111001110110101100
000010011001101010010110100011101011
111010010011100110011100000000110110
111001111001101001100000101100100001
001011100110100110001010011101000101
100001010110001101011101110011010110
100000101000000100101001110000100000
001011110110011000101000000001110001
001011100101101000101101111110110000
111001001010101000000101001000100010
000001111100101000000110011100010001
001001100000110011001110010101101010
000011101110101101011111100010100010
001000100001100111110000010101010011
010111110010001011101000010010100000
010000000010100100001111011011111001
010111010111000000101011011110100101
110100100111101111110010101100100001
010101000000001011100101001001001111
100010010000101011100110101011110010
011010111001001111011001010111101101
011101000010100101010101111011011100
110010010111000101101110110111011111
101011000101111010100000001111000010
010011011110011101100110000011111001
010000111000000010101011101110001000
110101110001110101101010000011001101
001001001111110010111011100010100010
110111100010011011111100010110110011
100111000000101100001101111101100111
100001101100101110110100000001000111
001110111111101000110001111100111100
000101110010111110111010100111000000
010000110110011101001111000110010100
6
Q
Q
Q
Q
Q
M 46 10 1
92 58
1100010101110000011110101001101110001010010110100100011000
1000101011111100101100110110101010001010100100011110100011
1101011000101101010110101110010010110001111100100011110100
1111100000000000011001101010000100111011111000000010011001
0001110110100001100010110101011100111100001001010000110110
1101110010000010010111111110101001001000101011000100110010
1010100000111001100000000101001111011100001010100011010110
1011011110111101011001111101111100100011111011100101111111
1110101101100100111000101101101011111000001111011001000101
0100011011111000000001101010111010000001101100010101110101
1011111010001011001110001000100010000111011010111011110110
0111010000010011110000001111110010011000110001011100000100
0100001011100110110011000010011110100110100101001111100101
0101010010001011011001011111100101010000111011011001011100
1010011010111001100001011100011010001010101110010011000101
0101000010101111111000100110100101101011111011000111100000
1001100110001100010011001011010101000100000000000010011110
1001011110110101000110001000101011010010000000001001100001
1010111111101000111101000011100100100001001000110100011011
1000001011111001100101010110111101000010100100101010100000
0010010000111100111011111110111101001011101110011111010000
0011001000000000000001001111001101010011011010101111111011
0000111011011101000011101111001100000111001001110111110111
1100111100011011000010010111100000100101101111011101101101
0000111100100011001111111001000101101100010000010110110001
1100010000000001101000100111001111000111111000101000111001
0011011100110110101110001010001101011011101010001110001010
0001110010101110111011110001010001111100001111000000100010
0000010000011011011100100111011000111011110101110100101001
1001100100010111100100011001100111110001111111100100011011
0101001110001010110100101011111101010010001001101001110000
0101011110010110100101001111010001110110101010111111100011
0101011010011101000001000101001100110111111100110111101001
1001001001100101100001000100100110111101100110101011000111
1111110100000000001011111111010011010011101100011011110000
0101000001111010001101010011100011111000011101000000000010
0000000010110010111100001010100101010001111110111111010011
0101110010110011010011001110110000100000100011011000011011
1001110001101011101100011101000110000111000011110111100110
1101100001100010010010110111111010010010100000110100011111
1011111100101100010111111011001110001000001101101100000010
0001000110010000000011100011111110110000010000001011000111
0011011011001101000011100011011001000010001101100111110100
0010111011001111101011011111001100101101010001000101111011
0110000100011010100100111010110101110001100100010011011111
0100010011110011010001111111110101011111001110100100001100
0100011111010111010011100011111000011011100110100100101111
1111111011111010001110101011010101001011111100001101001111
1010000110010011101011100010110100101101000010110111110111
0111101110101100101111011010110010010101011001101001111110
1010110101111111001110010111010100010011000001011111011111
1110111011100001011111000000101101100000001110101110001100
1001101111000111001011100011100110111011010001110101011000
0011010010100000010101111110011101001000100101000000001100
0000011111101111110101011011000101011000101100010111110100
0101111110010100101000011110101010000100001000101011010010
1110101110100101111111011111000101000000100011110110100111
1001000110110101100101100000100110111110110100000011000111
1111110010101110001101001110011011001110100100011100111101
0011001110000011000010000000011010011001010101000000101011
0000111100010110101110010001001100100100100001011101110011
0001110110001010111010111110010010010110000010010011001011
1001000100101000000101110000101000101000110111100010010001
1110001001110101001010110111010110001000011000011101011010
1001100101110010101000000001100001000110100001000001110111
1110001101011011101000011111101101101100111000010010000001
0000111000001000000100111001011110111100011110000011011100
1111111011110000001101000000010010110111101010100011000111
0011101100110100000001001110110011110110110011000101100111
1111111101001001101010000000101100001010001101100011001100
0001111011110011011011010010100000101101100100101001011110
0111101010000001100110010110001110011011101110101001111100
0111010100101111100101100100101100010010101101100010010100
0011110010101111100001100110101110110000110110000011111101
0001110100100111000101100110101110101000001011010010110000
0010001011010100011010000001110000100010000000001011000110
1000101011000010001011010000111100000110111000011010101001
0010000111101010011101001111110011100011110100001000101000
0000111000100101100111110001100101101110000101111101111000
0101101101001110101001001101111010000101111111100010101110
1110011101101101011001010100100000110010001111001011111000
1100011011000011001101101100001110110001010010000011110011
1101111010000010111100000111010010000010010000000000100100
1101010011110011100100111011000101100010000000000011111001
0100100111001010101110000101111011101101000101100101100011
1111000110100000100001110111111111111010100111011100001111
1110111010110001000101000100010111001010101111000000101111
1010011101001001001111110101001111101000010001100100100110
1011111101011010000010111101110100010001011101011001101011
0111001100010011010000101011011001011010111101010101111000
1001110000111011100011101111100110111000110010011001001001
1001110110101010100110011100000010010000100110100100110101
10
M 58 13 0
M 62 48 1
M 77 52 0
Q
M 23 18 1
M 89 8 1
Q
M 57 23 1
Q
M 46 6 0
100 100
0001111111010110110001000101011111001000010100000110010100110001000101010111111110010101001100110011
1000111111100001010000010110000110011011010011000111111110111110010101101101101011010111101111001000
0110111111110101101101010011100001000010010011101100000110110101011101000010011101010001010110100011
0011101101100011101001000100001111010000101011100110001101010000011111010111100110000111100011100100
0011010111111010001010111000000110000100000000111100000010010100010100110100000011101101110001011000
0001110010111011100111111101110111110100011001011010001001100010100000000011011110101100000110000101
1100010000001011001010100110101010000011110000000010101011001011011101011011010100011001101100110101
0111001100111011110010000101010110110111011110100010010111101100010110110001100100100110001001111000
1011101010011101101011010000111110110111001000110111000110010100101111001001001001110110011010000000
0100010010101010010010010001101100001011000110111011000111100000101110101110010110100000010001111111
1011010000001000000101001001100100100011000000110000011110110011110110100110001010000000010000111011
0001011100000001000100111101000111111110110000001000101000010110010110010010000010001010110000010111
1101100110101011000001001100001000011100001100110000101110000101010001101110010010111110110010101110
0110011100011111011010010000110100011111100101011100010110110000100000000011100001100101111001110000
0111001110011100100101101100101011001011010011111110111111101101100110000111001011110000001001010100
1111001111010111010101011111000101010010110001011000011101100000111011110101110011100101000100100110
0100101010100101011011100110011101100110000001111001010101111110000011100001000010100111010110110000
0000010101100101101101100110000011111011001000011010110000011111110000001111001001100001110110000110
1111110010001010000110001110010010100010101000111100010010011100001111001110011111001100110011111101
0111110000011100011000110010011001010010110111000001111001011011101011111010111001001000110010011100
1000011011100000111100100101110110001000101011010101101000010111111100101011011110010101101010100111
0110010101000111100111110111110010110011001001100011011011011110110010001010010010001011010100010110
0100110111011111111000110010001011011111100000100001001100001110010100100010101011101001100100001010
0001000010010010101111000110000101110101100110101100110101111010010000000101000111110001111010001111
0011000101101110100110011001000110001100100110111011111100011101001000001110110010010101110111000000
1000101110011111111111001111010101000101011110100100111111110001011010000101000111010000101000000010
0001001000001101111111001010110010001110001111110010101111000100010100000111101011111111111000010111
1000011001100110101001000111110111101000110010011100010100000110110011111011100100111011101011011101
1000100110011011001101000100111101010011101110111110101001001011111101101101010010000011011100100101
0000100001001110011011000101111011010101010011110100000101110010100000010000011011100100100010101100
0111001001110000011100010101110000100010000011101001101100011010000100001110100111110110011100010111
1001110101101101111110000000010000100011010110100110110001101011111111101100000101101001000100101101
1000010110001001110101110111101010101111001010100000000010011010101000001011110100001101010100010001
1001110000001110100110101010101011101010011011100101000110000111100111101101100110101010001100101001
0011001100101111010110100100111011000000001110100111110001100110110111001101011111101110011100100000
1011010110000111110000111100001110000101111011001101001101010100010011010010001100100101111010001111
1100010011001000110001101010101100101101010011111100111110111011100100111101110010110000101010110011
1011110111110101010111011000110011101010110011110000001010110111110001101011111101101111001011001111
1100110011000010100011101010110001111111101001100010001011000110010010011001110100010110101111011111
0001101000010001001111110001000011000011111110101110000100111100111001001100010101011010111100010011
0101100111100000100110101010110110111111111000000000110101000100101101010010111001100001100011111111
0111010010100110110000001001111010110000010100110011101111001010110101001100001001011011001101000110
0001101101010110111110101100011111010011001111010010001000101111101010100000011101110101001011110110
1100010111010001010010100110000011001000100111110010000010101011101101000000001100101011100010010011
0111001101000011111100010011101101100011000000010111110001010000011111010100000111101010000011101110
0001001100110111111100000101100010100110010101010011101000111101011111101001101010010010110101001001
0010000010000101100101000111011111111000111000101001100001001101011001100101101101100110111011100100
0001111100010000110111010010101110111001111011011101100110001100101110010110101110010111110000101100
0001010001100001110110000001010100010011110010110011110101100011110011011010010111111111000100101100
1010111010110100010101110010000010111011110001111001101011110111001010100000010111111001011011010000
1101110001000000110000101001000011011100011110111110011110100001111101110110101101101100101001001111
1110101011011000101111011100110111000100101010111110100010110110011011000111111111101001101100000110
1010110100001001101001010110111100001110111000110101000100010010110110010110111010000101011010110000
1001010010100011100110011100110101111100000000010110000111001001111111010000110010001101011010010101
0100011110101011001101101010000000100001100110111011010110001001110000110010110111101101101010010010
1100011001101001001011110010101000111111010001000110100111000110010101111001010011110111110110000010
0101011001101110110010011111100001000101110111001000101100000101010110110111111101100111001110001101
1000110111101100111010101011110111011011011100110101000001000100100110001010100110101110001110011001
1110110111011001011111110111000010010100110100000101011000001101100011001011110000000110100010111001
1101001011110101000110011001010100001110100000011001110111101110000100001000111100101101111011001100
0000110100111001000000010100110011011110010000011111001000111001011110000100010101110101111001001100
0101011110110011110111101100111000100111011011001000011000101000100100001011010100111011011010011101
0100000100110001000100100010000001011111101000111001001111010100010001001100110011011110100110000001
0110001011110011100110010000101001110101001000101111000010111100110100101101010110100011111011101100
0000000000001010000101001011001110111000110010111110100101010011011110010101111110110101111000011011
1111111111010101111110110000100101111100010110010101001110000000100101011010111100100000101110011101
1111000110110101000110101010000100101100100000101011010010111010001000101111011011000001101101111100
1010110000111110000010101101000110011111111111100011111100101010010010001001110000001010101000110100
0110110010011111001111001000011101100101100101000100111100011010101000000010001000110101110000100011
1100101011110110000100011011100001100001001010111100111011000010001110010000100000111011100010100010
0001011011110000100110011110001011001100000001100100011100111101000001101110111110111010111111000100
0010001000110110110110100010001010111001001000000100001011110001101100011001100000111000001010010001
1110000111000101111011111100110010110010010001100110100111011000101011000101100100010110011100010011
1010100111111010100100101001000000110101111101110010111100101110101000001010110110011000000010010000
0010101101101110000101101010001110011100011111111010111111011101100101010100000001101001000011100000
1000010110100111010001000001010001010110000110111000111100011110001000101001011011110001010010110000
0010011000101110101000110010000000000101110011010000100111101000011101001110100100001010001001011011
0011000101110001100101011101010000001100000000001010010010010110101100101110000011001111110010011001
0000000100100100001000010110011100110011010101111001011010000011111100100111110001000010110100100000
1011010111011100110011000011110111101010100000000110101110010000000010100010101001011001110001110000
1010110010001111001001011010101111110000010010011100111001010000100000110000000000000000110001100010
1000100000001010111110010100011100100001110001101111101001011110110111111000010110101010001010010110
1010100101111001101001001110110101110010000011111100011011010101100110000001001001001111110010101000
1010101001010110111111100111010000000001110001100011010110101000111100101111001010000101110101001100
1001110101001101111011011001000000000101010100110001111100000011110111010111011000010010001111110001
1110010110001001011001100111101111001100100101011000000110010010000100000011001111011110101111010010
1010111101111011011111111111011101100101101001000110100001101011110110011000101000111101110000000110
0011001101010111101101100010110000010001001001011101100100100010111100101010111100110011110111111101
0100010010100101011101010000011100110011000110100010101010000011010100101101000110111100111000110000
1111101101101110000001100110000000100001010011110100111111100001100110100101101010100100100011000000
1010001001011000011000000111010100100100110100010110011100100101101000110111001101010100001100001001
1010011000010110101001100111001101011100010101001000001101111110111011101101110111100111000010010100
1010100111011011011100100011000000000111111000000000010100101001010011011000111111001101000101110100
1001101101101111010101110001010001110110100011100000010001010110010011100010011001101011101011000100
0010001100010001101000101010001100011110000000010011000011101010100111000010001110110110111101001011
0001110001011110111110010111011101011101000001101100010000000001001101000011010100001110011101100011
1101101000001111111111101110000110101101100110011111111001010010110011011111111110101110100100000111
0010100100001011010111101001001000111010100000001000001010110101001010110001000011000001001101000110
0011001111111011111100101101111001010101110000010111110010000010110011101010000110011010100101001000
1000001111100111011111101100010011100101010100110010000110000111110000010111100111000000101000000010
10
M 96 77 0
Q
Q
Q
Q
Q
M 13 73 1
M 70 29 1
M 87 47 0
Q
71 83
11111111011111001110001010101010010001111100111111011011001111110101100101101100011
00110010110100010111011110101110000100001001111111111100001001011101110101110011010
10111001010100000110111110000000111110101000001101100110001101001011001010111111010
10100011110011000001011000101110111011010010111010110001100011110010011101001101000
11100000100101111111111001100011100001111000110011110100111000001000101110010010111
11011001010100010110010001101101110011000011101010100011000101110100101011010101000
11101111010100010101101011101111001011010110100011110101010010000010100011010100001
11100110000110111110111111000011010111101001000101100100001011000000000000101011100
00010011000111010111000000001100010100001100000101000111101111001011000110001001000
10010000001001010000010101100010111010001110111101011110110100101100010010010011100
01000110000000111101010001110100111010010101001011101011101100100001111010001110111
01001101011010111111100010101000001001000111111100101001001011100001010000101010111
00000111001111001111110011000001001101011000011111011101000110111000001000110101111
11100010101100001000110011111110111010011011110100101001001110010010101001001010110
10100001010110110110011001001010101011111110001011100011000101100101110010110110101
01011011110000011000101110100010110100000100010010011010101110011010101001011111000
10000110000001011100001100110110011111101010101100001101111010100111010011110010111
01101100110111110101101010001000111111000000000101110100100110110110011100011111101
00101010000011100101100100010110111101100000000001000110000010111011010101100010110
00001010001110011000000110111101000111110100011000111110010100010111110110101101010
10011001011011110010101111010000110110001011101011011001000111101111000010010000110
10100110111111010001000110000100110010100111110101100010111111011100010111100001001
00110100110100111111011101011110111010001100001011101001001101000000111110010001000
11010110011001101001001011111110111011111001010000111011000001000001011101111110011
01010100111010010100001100101011001101000100010101101100100010001100100000100111010
01100011000101111011101111100111100011110111110000011010111101001001011110100011100
11000100011010011001011100011101111010110011101111011001001100011001011100101110101
01000000100101110011101111110011000110111000100010000000101011100000101010010001011
10011110110011110011110110011011010010010110010111111111001100010110101101011001001
11101111000011000101000110110100100100001101010010011101011100111011111100110000011
01011011110011111100011100000101111000110001000101101100111010100011110101111001000
00101010100011100110000100111101110111011011011101011010101000011011000110011000111
10011110100101110101100100000100100110010101001111100000101100001000000011100011000
11100000010100111010011111010101000100111010000111101101101100110001001100100111110
11010100010000101000010110000101110111001000001000010000010011011110101110000000010
10111110101111101100001011100011111010110100001011000011000011001110010001111011011
01101000110000010111010001101100110011110011011111100000100100010100110001011101101
00001110101110110000011001100101010110010000000111011101011110001110100010011111111
01100111001110100010101101010001000000010000011101001110100101110100111010100101001
00101101000100010101110001010000111110001100001100011110100011110100110111100110100
01101010101100111100100101000000001000100001001110110000010001110101100011011101000
01100101001000100011100100010101110111111000101010111100010011000101011111010111010
01111010100010010010000000100101100000111011000001110011111111101110101110011101001
10100100110001111101011011110111001100010011010011111101110111100010100010110001001
00010001001101011100010011011110000000011100110111010000100101000001010101001001000
10110011010101011001001111101110010110100110100000011011110110001011101001110101011
01111010001000010110000000101110100110010101000000101010010000111110110010011101110
10101110111111001000110110100111110101001000111100001011110110111111111000100110100
11101111011001011110010001011101010000111000001100101011000111101101001010000011110
00000010101001000100101110110101101111010000011110001011011101001000010100010001000
01000110011011110000010111010111001111101010010100110011111000111111000010100101100
10111101001011110001010010001111000101011011011011101000110101010101110100101110010
00011111010101010001101010111101101100010110100100101001101111110000110101000011000
11001111110011000100001000000111001011010000000001011110011111001101011110101010011
11100101101101010010000010101101110111101111001101001011110010100101110110101100001
01100001011101001000110111110000111000010100101010100101101110011000101100011001000
00100000101100111011110101011010111110111110111100111011110100011111011100101101011
11111111101001000111011111110010111101000010011010011000100110001110101110000011110
01111111100110001111100010100110110110011111111111000111100000100010001100110011000
11011110000010011111100101101101100100001011000000100110111111110100011101101010000
11000110100010110010000110111110100110011110110010101100001101011111010000101101101
10110010000010011101010010111000100100010101110111101011110001110111111000110101000
01110101010100100100000110111111101100000101110100011111100100110110001011011000111
01011101110000011100000011101111000010110000110001111011111101110110011000111100011
00100101000010110101100100011010011100001101111001001111111100011000111000001000011
10110010101001100101000101011111001111001101110010011111011010011011010110101010100
11111100001011111101010101110100101110100011010011000111010111111101000110001111101
01110101011011110011110000110110111000011001010010000101001000101100110110000100010
11100110101000110011010000100110100100001010101110110100001001110111110000111011101
00111010111101010011010001000010110011011001111000010111011101001111000001100110000
10111111010001010001101001000101100100011000001010010111101100111011111100101101000
8
Q
Q
Q
M 11 65 1
M 56 3 1
M 31 43 0
M 36 22 1
M 21 31 1
