Case #1:
658
658
658
658
658
658
658
657
657
657
657
657
656
656
657
657
657
655
654
654
655
654
654
654
654
653
653
653
652
653
655
652
652
652
652
652
651
649
649
649
650
650
651
651
651
651
652
652
650
650
650
649
649
648
649
648
648
649
649
649
650
649
645
645
644
644
643
643
643
644
647
647
647
647
647
647
648
648
648
647
647
647
648
646
644
643
647
647
647
647
648
648
648
648
648
649
650
650
650
650
650
650
651
648
648
648
649
649
648
648
648
649
649
649
649
649
649
650
650
650
650
650
650
649
649
649
649
649
649
649
648
647
647
647
647
647
647
647
647
647
647
647
648
646
645
645
647
647
647
647
649
649
649
649
650
650
650
650
651
651
651
651
651
651
652
652
653
653
654
654
655
657
660
660
660
660
660
660
660
660
660
660
660
660
660
660
660
660
661
661
661
661
661
659
660
661
661
661
658
657
657
658
658
658
658
658
658
656
656
656
656
654
654
654
653
653
653
653
653
653
653
655
656
656
656
656
656
656
656
656
657
657
657
657
659
659
659
659
658
658
657
657
657
658
661
661
661
661
661
660
657
657
656
656
655
655
655
655
655
655
655
654
657
659
659
659
659
659
658
658
652
652
652
654
653
653
653
653
653
653
653
653
653
653
653
653
653
655
657
657
657
656
656
656
657
657
657
657
656
656
656
656
655
655
654
654
654
654
654
654
654
654
654
654
654
653
653
653
653
653
653
653
653
653
653
653
653
656
656
655
654
654
653
653
653
653
653
653
653
650
650
650
649
649
649
649
649
649
649
650
650
650
650
651
651
652
652
652
652
652
652
652
652
651
651
652
651
651
651
651
651
652
653
653
654
654
654
654
654
654
652
652
652
652
652
652
652
653
655
655
655
655
655
655
655
655
655
655
656
656
656
656
655
655
656
655
655
654
654
654
654
654
654
655
655
655
655
655
655
655
654
654
653
650
650
650
650
650
650
650
650
650
650
650
650
648
647
646
645
648
649
648
648
647
647
647
647
647
647
648
648
648
648
648
649
649
649
649
648
648
648
648
648
648
650
650
649
649
649
646
646
645
643
643
643
643
643
643
643
643
643
643
643
643
643
643
643
643
643
641
641
641
641
640
640
640
640
Case #2:
95
95
95
95
95
95
95
95
98
98
98
98
98
98
97
97
97
97
97
97
97
97
97
100
100
99
98
98
98
99
99
97
97
96
96
96
97
97
96
96
96
96
96
96
96
94
94
94
94
91
90
90
90
90
90
90
90
90
91
91
92
92
92
92
92
92
92
93
93
94
90
91
91
90
90
87
87
87
87
85
84
84
84
84
84
86
86
86
85
85
85
86
86
86
86
86
88
88
88
88
88
88
88
88
88
88
89
89
88
89
89
90
90
90
90
90
87
87
87
91
91
91
90
90
90
90
90
90
90
90
87
87
89
88
88
88
88
87
Case #3:
23
24
24
24
24
25
25
25
25
25
25
25
26
26
26
26
26
25
25
25
26
26
26
26
25
25
26
26
27
28
28
28
28
28
28
28
29
29
29
29
29
29
29
31
31
32
32
30
30
30
30
29
29
29
29
29
29
30
30
31
31
31
31
31
31
31
32
32
35
35
35
35
37
37
37
37
37
37
38
38
38
38
36
36
36
36
37
36
35
35
33
34
34
34
34
34
35
35
35
34
36
36
36
36
33
32
32
32
32
32
32
32
32
32
32
32
32
32
32
32
32
32
31
31
31
31
31
31
31
31
31
31
30
30
30
30
30
30
30
30
30
30
27
27
27
28
28
27
27
27
27
27
27
28
28
29
29
30
30
29
29
29
29
31
31
31
31
32
32
32
32
31
30
29
29
29
29
29
29
29
29
29
29
27
27
27
27
27
27
27
27
27
27
27
27
27
28
28
28
28
28
28
28
28
28
28
28
30
30
28
28
27
27
27
27
28
28
30
30
31
31
31
31
31
31
32
32
32
32
32
33
33
33
33
34
34
34
34
34
34
34
34
34
34
34
34
34
34
34
34
35
35
35
35
36
36
37
34
34
34
34
34
35
35
35
35
35
35
35
35
35
34
34
34
34
34
34
34
Case #4:
263
263
263
263
265
264
264
264
264
264
264
264
264
262
262
263
263
263
264
264
265
265
265
265
265
265
265
264
264
264
264
264
264
264
262
262
262
262
262
267
267
267
267
267
267
267
270
270
270
270
270
268
268
267
267
267
267
267
267
267
268
268
268
268
268
267
267
267
267
267
267
268
268
270
269
269
269
269
269
270
270
270
270
270
267
269
269
268
268
268
268
268
268
268
269
269
269
269
270
269
268
267
267
267
267
267
267
267
267
268
268
268
268
268
269
269
269
270
270
270
270
270
271
270
270
270
269
269
268
267
270
270
270
270
270
270
270
269
269
269
269
268
268
268
268
268
268
268
269
269
269
271
271
272
269
270
270
270
270
270
270
269
269
268
269
269
269
270
271
271
271
271
271
273
273
273
273
273
272
272
272
272
272
271
271
271
271
271
271
271
272
272
271
271
271
271
271
271
272
272
277
278
278
278
278
277
277
275
275
274
274
274
274
272
272
272
272
271
273
273
273
273
273
272
272
272
273
272
272
272
272
272
272
272
270
269
269
269
268
268
268
268
267
267
267
267
267
267
267
266
266
266
267
267
267
267
267
267
267
267
265
265
265
265
265
265
265
267
267
267
267
267
267
266
263
263
263
263
263
263
263
263
264
264
263
263
263
263
263
263
264
264
262
263
263
263
264
263
263
263
263
262
262
262
262
263
263
263
262
262
262
261
262
261
261
261
260
260
262
261
261
265
264
263
264
262
262
262
262
262
262
262
265
265
265
265
265
265
267
267
266
266
264
264
264
263
264
264
267
267
267
267
267
267
266
266
266
264
264
264
264
264
264
264
264
264
264
264
266
266
265
265
265
265
265
265
265
265
264
264
265
265
265
264
263
263
261
261
261
261
261
260
260
260
260
260
260
260
260
260
260
260
261
262
262
263
263
263
263
263
262
262
262
262
262
262
262
263
260
260
260
260
260
261
261
261
261
262
262
263
262
262
262
262
262
262
262
262
264
264
264
264
264
263
262
262
262
262
260
261
261
262
262
261
261
261
261
262
263
263
263
262
262
262
263
265
266
267
267
Case #5:
299
299
299
299
298
298
298
297
296
296
296
296
298
298
298
298
298
299
300
300
300
300
300
300
300
301
303
303
303
303
303
303
303
303
303
303
303
302
299
299
299
298
298
296
296
296
296
297
297
298
298
297
297
297
297
298
298
298
298
298
298
298
297
297
297
297
297
295
295
295
295
293
293
292
292
292
292
292
292
293
294
294
294
292
292
292
292
292
292
292
289
290
289
289
289
289
289
288
287
288
288
288
288
288
288
288
289
288
288
288
289
287
287
288
288
288
288
288
288
288
288
288
287
290
290
290
290
290
291
291
291
292
292
292
292
292
292
292
292
292
293
293
293
293
293
293
293
293
293
289
287
286
286
286
286
286
286
286
285
285
286
287
287
287
286
286
286
286
288
290
290
290
290
290
290
291
291
291
291
290
290
290
290
291
291
290
290
290
290
290
290
290
290
288
288
288
288
288
288
288
288
289
288
288
287
287
287
287
287
287
287
287
287
287
287
287
285
285
286
284
284
284
284
285
286
286
286
286
286
286
286
286
286
286
288
290
290
291
291
291
293
293
293
293
293
293
293
293
293
293
293
293
292
292
292
292
292
292
292
292
292
292
292
292
292
293
293
293
293
293
293
294
294
294
294
292
292
291
291
291
291
293
293
293
293
293
293
293
293
293
292
292
292
292
294
296
296
294
294
293
295
295
295
295
295
295
295
295
295
295
295
293
293
293
293
293
293
294
294
294
291
291
291
291
291
290
292
292
292
291
291
291
291
291
292
292
292
292
292
293
293
293
294
294
295
294
294
293
293
291
291
293
293
293
293
293
293
292
292
292
292
291
291
291
291
293
294
294
294
294
294
294
293
293
293
293
292
292
294
294
294
294
294
295
295
296
295
295
295
295
295
296
296
297
297
297
297
297
297
297
297
297
295
Case #6:
351
351
351
352
352
352
353
353
356
356
356
357
357
357
357
357
358
359
359
358
356
356
356
356
356
356
357
357
359
359
358
356
356
355
358
358
358
358
358
358
356
356
354
354
357
357
356
354
354
355
355
357
357
357
357
357
357
357
357
357
357
357
357
357
357
358
358
359
359
359
359
360
360
360
360
360
360
359
359
359
359
359
359
359
359
359
359
362
362
362
361
361
363
362
362
362
361
361
361
360
360
360
360
360
360
361
360
360
361
361
361
363
364
364
365
365
365
365
365
366
366
366
368
368
368
368
368
369
369
369
369
369
369
370
371
371
373
374
374
374
374
374
375
375
375
375
374
372
372
372
372
372
372
374
373
374
376
376
376
377
377
377
377
377
377
377
377
374
374
372
372
372
373
375
375
375
375
375
373
373
373
373
374
374
374
374
374
374
374
374
374
373
373
372
370
370
370
369
367
366
366
366
365
365
365
365
365
365
365
365
365
365
364
364
363
363
362
361
360
360
361
362
361
361
361
359
359
360
360
360
360
360
361
361
361
363
363
361
361
359
359
359
359
Case #7:
4
2
2
2
Case #8:
204
204
204
204
204
204
204
201
201
202
204
206
205
204
204
208
208
208
207
208
208
208
208
208
208
211
211
210
209
209
211
211
211
211
211
211
211
211
208
208
208
208
208
208
208
208
209
210
210
210
210
210
210
210
210
210
211
211
211
211
211
211
208
207
207
206
206
206
206
206
206
207
207
207
206
206
206
206
207
207
207
207
207
207
207
207
203
203
203
202
202
201
201
201
201
201
201
201
201
201
201
201
202
201
203
203
203
200
200
200
199
199
198
198
199
199
198
198
198
198
198
199
199
199
199
199
200
200
200
200
200
200
200
200
200
200
200
200
200
200
202
201
201
201
201
201
202
202
202
202
202
202
202
201
201
201
201
200
200
202
203
203
203
203
203
203
203
205
205
205
205
204
204
204
205
205
206
206
206
206
206
206
206
205
206
205
204
204
204
203
202
202
203
203
204
204
205
205
206
206
206
207
206
206
206
206
204
204
204
205
205
203
203
203
203
203
202
202
202
201
199
199
199
199
199
199
199
201
200
199
199
201
200
200
199
199
200
200
199
198
198
197
197
197
197
197
197
195
194
194
194
193
193
194
193
193
193
193
193
193
193
193
193
194
194
194
194
194
194
194
194
193
194
194
194
194
195
195
195
195
195
195
194
195
195
195
195
195
194
195
195
195
195
195
196
196
198
198
198
198
199
199
199
199
198
198
198
198
198
197
197
198
198
198
198
199
198
199
198
198
198
197
192
192
194
193
193
192
192
192
192
192
192
192
193
193
194
195
195
195
195
195
195
195
195
195
195
195
195
195
195
195
195
195
194
194
194
193
193
193
193
193
194
194
194
194
194
194
195
195
195
195
Case #9:
599
599
599
599
599
599
599
599
599
599
599
599
599
597
597
597
597
597
597
599
599
599
599
599
599
598
598
598
598
598
598
599
599
599
599
599
599
599
599
600
600
600
600
600
600
600
600
600
600
600
600
600
600
600
600
598
598
596
596
596
594
593
594
592
591
590
590
590
592
594
594
594
594
595
592
592
591
591
591
591
590
590
590
592
592
592
592
592
592
592
592
591
589
589
589
588
588
588
588
588
588
588
588
588
588
588
587
587
587
588
588
588
587
587
586
586
586
586
586
586
586
586
586
586
586
586
586
586
586
586
584
582
583
583
583
583
583
583
583
583
583
583
583
581
582
582
582
584
584
583
583
582
584
582
581
580
580
580
579
579
579
579
579
579
580
580
580
581
581
581
581
581
581
581
582
582
582
582
582
582
582
579
579
579
579
579
579
579
579
580
580
580
580
580
580
579
579
578
578
578
579
579
580
580
580
580
582
582
581
581
580
580
580
580
579
580
579
579
579
582
577
580
580
580
580
580
580
580
580
580
580
580
581
581
581
581
581
581
579
579
579
579
579
578
578
578
578
575
575
575
575
574
574
574
574
574
575
575
574
574
574
574
572
573
573
573
574
574
574
574
574
574
574
574
574
574
574
574
575
575
576
577
577
577
579
578
578
578
578
578
578
578
580
580
580
580
582
585
585
585
584
584
584
584
584
585
585
585
585
585
586
587
587
587
587
587
587
587
587
590
591
590
590
590
592
592
592
592
592
591
591
590
590
590
588
588
588
Case #10:
360
361
360
361
361
358
358
358
358
357
356
353
353
352
351
351
351
351
351
351
351
351
351
352
352
352
355
355
356
356
356
356
356
356
356
357
356
355
357
357
356
356
356
356
356
356
356
355
355
355
355
355
357
357
357
357
357
358
358
362
360
360
359
361
361
361
361
361
360
361
361
361
364
364
364
365
364
364
364
365
365
365
365
363
363
363
363
363
363
363
363
361
361
