10
48 1
0 0 1 1 0 0 1 1 1 0 0 1 0 0 0 1 1 0 0 0 1 1 1 1 1 0 1 1 1 1 0 1 1 1 1 1 0 0 0 1 0 0 1 1 0 1 0 1
1 0 1 0 0 1 1 1 1 1 0 1 0 0 0 1 0 1 0 0 1 0 1 0 1 0 1 1 0 1 1 1 1 0 0 1 1 1 1 1 0 1 0 0 0 0 1 0
0 1 0 1 0 1 1 1 0 0 0 0 1 1 1 1 0 1 0 1 1 1 0 1 1 0 0 1 1 1 1 1 1 1 0 1 0 0 0 0 0 0 0 0 0 0 1 0
1 1 1 0 1 0 0 0 0 0 1 1 1 0 0 0 1 1 1 1 1 1 0 1 0 0 1 0 0 0 0 0 0 1 0 1 1 0 1 0 0 0 1 0 0 0 0 1
50 52
2 54 21 60 59 47 59 25 53 15 37 41 17 25 25 54 12 26 18 15 32 43 17 20 45 17 42 23 4 61 11 7 51 33 3 46 16 62 7 6 14 45 47 31 6 8 21 19 35 40
34 3 19 52 23 0 5 1 23 10 62 35 17 49 4 20 32 20 19 39 26 33 20 10 0 27 18 22 46 53 62 16 57 17 4 16 17 10 18 40 20 16 11 37 2 15 57 34 36 12
9 62 45 30 8 46 57 27 4 39 16 2 55 9 19 60 26 36 6 44 12 26 60 24 63 62 39 56 32 11 5 42 10 50 8 18 32 1 45 36 40 62 38 31 7 57 27 33 29 33
13 42 59 10 2 58 8 41 51 41 53 56 19 63 42 27 17 11 28 63 47 4 61 22 35 4 15 63 38 45 32 51 23 28 61 25 22 6 2 9 47 55 1 2 54 44 29 8 55 57
50 921239906
364455676 356329540 313732284 785137696 221591880 587167180 904395166 958349038 200070776 398991614 193377377 569081743 232465115 460504734 260664871 441837040 266228644 440099434 241792636 299210899 203542497 118569149 300841686 512140761 519115048 555835634 363154079 186076512 200788140 752468968 607316423 465243816 108798507 821048707 250381512 230390388 408215886 707293032 188739425 160803016 658801000 834633157 629884759 443782469 295137891 443065984 438135864 113882889 435681773 579928500
313093789 191740624 598497649 166451829 603881385 117612697 622287464 519551819 203689209 723075604 272020786 363521986 740835775 280819294 184570693 543733641 963726037 145302933 251026672 704981816 206105950 462344027 539614973 735990709 806126496 387269218 731573048 244262359 401152107 167254820 376707213 266762250 258995444 875204863 333214080 762876829 545333914 508017898 282428647 301539477 783609856 106965788 565061464 524445630 840301437 649632157 968179271 804027473 694935090 771722298
161525642 801041040 786582679 601140615 189548103 245225528 540926187 821121151 389487888 494594649 540892325 318711455 313873253 699887769 193916317 199603687 115280951 639250231 607621585 850225954 840789709 391231441 857191742 405851172 468193425 350009532 607999683 988889051 154037004 855451127 413127702 215562646 309008521 199710380 369219616 398556624 344935908 810145803 772194129 286940150 304740451 313086453 505651606 171130059 565490576 252084277 270733746 580771527 791334509 778355332
430997480 284640571 722103127 840705576 243008097 742812906 190715107 403524134 731701956 797268466 258975260 144829657 565347467 467983781 797056392 487083437 419056759 141992300 297229239 191250887 881448805 154486045 404337340 387100410 225616104 522344270 191701042 396349850 103115797 883035551 727221536 986629632 720192476 101841016 479851562 863200573 744653923 223083023 266724706 128872232 572867844 978216321 726218245 138215310 446200102 523274636 177815101 417773215 217783290 375044340
45 397
191 748 936 49 944 353 429 295 257 668 605 83 561 270 809 1012 45 619 820 539 18 442 328 799 80 504 439 398 1023 118 797 192 869 711 243 790 39 672 60 299 318 667 384 881 938
171 868 983 790 665 499 808 83 829 582 165 308 1022 565 308 117 338 500 988 24 746 753 65 393 815 364 713 458 751 569 371 922 412 331 689 55 830 473 140 636 32 307 944 31 872
229 151 185 732 114 211 453 868 277 848 658 643 537 93 369 81 464 266 496 797 958 553 604 406 693 215 440 1002 136 474 849 366 625 12 73 739 225 528 584 502 351 220 123 888 313
492 972 780 761 445 552 696 998 132 77 668 347 519 645 484 993 471 852 595 485 927 312 711 430 896 190 783 93 313 649 409 808 596 164 546 18 716 217 1016 850 296 661 173 817 283
49 0
0 0 0 0 0 0 0 0 0 0 0 0 0 0 0 0 0 0 0 0 0 0 0 0 0 0 0 0 0 0 0 0 0 0 0 0 0 0 0 0 0 0 0 0 0 0 0 0 0
0 0 0 0 0 0 0 0 0 0 0 0 0 0 0 0 0 0 0 0 0 0 0 0 0 0 0 0 0 0 0 0 0 0 0 0 0 0 0 0 0 0 0 0 0 0 0 0 0
0 0 0 0 0 0 0 0 0 0 0 0 0 0 0 0 0 0 0 0 0 0 0 0 0 0 0 0 0 0 0 0 0 0 0 0 0 0 0 0 0 0 0 0 0 0 0 0 0
0 0 0 0 0 0 0 0 0 0 0 0 0 0 0 0 0 0 0 0 0 0 0 0 0 0 0 0 0 0 0 0 0 0 0 0 0 0 0 0 0 0 0 0 0 0 0 0 0
46 1
1 0 1 0 1 1 0 0 1 0 0 0 0 1 1 0 1 1 1 0 1 0 1 0 1 0 1 1 0 0 1 1 1 0 1 0 1 1 0 0 0 1 0 0 0 1
1 0 0 0 0 1 1 1 1 0 0 1 0 0 1 1 0 0 1 1 1 0 1 1 0 1 0 1 1 1 0 0 1 1 1 1 0 0 0 0 0 0 1 0 1 0
1 1 1 0 0 0 0 1 1 1 0 0 0 0 1 0 0 0 1 1 1 0 1 1 0 0 0 1 0 1 1 0 0 0 0 0 0 1 0 0 0 0 0 0 0 1
0 1 1 0 0 0 0 0 1 0 0 1 1 0 0 0 0 0 1 1 1 1 0 1 1 0 1 1 0 0 0 0 1 1 0 1 1 0 1 1 0 1 0 1 0 1
49 50
31 27 29 42 18 7 13 2 25 23 49 3 3 2 62 36 41 36 35 51 33 57 32 41 56 24 33 40 15 63 27 47 26 56 25 44 0 39 46 25 62 32 29 1 34 27 37 11 63
8 62 32 1 30 10 58 55 43 34 6 42 61 53 4 54 15 48 54 54 31 15 52 63 44 53 33 7 26 44 7 34 43 39 36 9 49 30 0 28 0 7 6 62 60 10 52 11 59
42 1 26 57 53 25 38 42 58 45 4 38 52 39 17 28 11 27 13 41 27 42 41 34 48 39 31 59 27 42 54 5 44 16 63 33 41 37 12 35 18 16 9 7 55 27 35 2 54
48 43 17 26 21 52 11 60 19 6 24 61 60 29 41 12 28 11 53 1 23 24 20 39 33 27 31 60 62 33 50 46 13 4 9 34 56 20 30 11 26 54 8 22 20 50 34 48 61
50 936940896
876550995 817768302 874123974 289565625 390049488 965050721 444556505 716973452 322949789 707731324 127875261 463257037 749101128 769342211 524588757 170467050 361064953 611498538 483164808 161090822 143711619 637852032 730215759 221798873 567963859 145977665 217757562 134242115 534259389 319580563 723699382 963326738 137348864 597823355 805408717 427398353 215390429 249965222 696888159 438340218 510212900 377279774 454113610 259314027 146621985 878702367 882297432 960203293 142717259 365462239
121294115 186428878 555830625 404026228 308227752 123794483 450003893 978501669 710552954 884263282 298082232 434252335 500106373 887947451 584592045 305515089 867862158 699982474 107996665 217266670 690839047 518209565 147062799 144952656 330039946 193684784 576171377 212337377 706404431 618888636 130315971 380214900 705317515 238662950 684241128 566061621 262457434 134245020 197079643 525526742 571024656 947678230 859779077 971131029 488142035 444371121 829162473 356004192 696869950 837159138
125787217 387708996 907885058 172850016 432661652 237925003 819051155 561349383 902778736 177971939 180238019 585611061 458186840 438071888 724274011 694944322 904133509 539247799 381705697 653729506 964774541 852730353 601407736 477069972 476377736 989549771 473957447 305540208 898070317 170827396 695215700 576373888 111052746 255617111 649223904 996230753 393542115 120791412 557580136 848837205 198763352 290334509 986964620 556950192 628406397 363754984 251894513 185056259 803002784 186116564
738785765 420293678 938846918 340193500 449880004 967741008 882259625 823837452 825797570 432846296 547181202 173529623 909220184 210750303 329146735 210960442 206981055 275205204 231751854 317077545 124042408 330515206 507412054 663523382 439981752 135818450 927278366 244392620 220874709 382797503 330509184 859660475 703091182 269356101 752370329 152971185 789613463 287146308 529324991 615411032 272508958 629022548 688940656 181729141 739772851 918087391 845205938 846753906 193292594 976957793
48 308
28 334 215 556 961 58 401 271 62 410 224 497 441 882 261 54 416 704 890 851 252 924 144 905 743 335 64 464 706 217 774 734 552 991 265 490 26 668 763 88 56 990 585 497 847 847 553 240
528 420 66 782 319 212 662 37 547 726 503 228 946 254 965 475 222 207 965 249 876 705 337 934 670 925 406 494 749 961 734 252 359 802 11 678 1015 675 718 539 376 198 770 299 453 710 774 675
919 716 924 772 399 239 681 44 139 64 539 888 1 250 117 362 28 130 15 20 805 735 561 158 934 306 458 362 1018 209 14 913 928 939 660 302 153 319 348 294 383 887 159 386 115 278 748 143
408 766 165 188 476 726 346 385 8 806 749 3 1016 764 918 919 680 556 198 833 875 546 104 235 411 263 622 526 543 347 671 951 88 836 116 565 537 464 952 547 246 677 553 237 418 446 133 73
48 0
0 0 0 0 0 0 0 0 0 0 0 0 0 0 0 0 0 0 0 0 0 0 0 0 0 0 0 0 0 0 0 0 0 0 0 0 0 0 0 0 0 0 0 0 0 0 0 0
0 0 0 0 0 0 0 0 0 0 0 0 0 0 0 0 0 0 0 0 0 0 0 0 0 0 0 0 0 0 0 0 0 0 0 0 0 0 0 0 0 0 0 0 0 0 0 0
0 0 0 0 0 0 0 0 0 0 0 0 0 0 0 0 0 0 0 0 0 0 0 0 0 0 0 0 0 0 0 0 0 0 0 0 0 0 0 0 0 0 0 0 0 0 0 0
0 0 0 0 0 0 0 0 0 0 0 0 0 0 0 0 0 0 0 0 0 0 0 0 0 0 0 0 0 0 0 0 0 0 0 0 0 0 0 0 0 0 0 0 0 0 0 0
