50
68753 444459590 831483664 9 30 61
10000 805306368 671088640 33 33 34
10 536870911 0 10 30 60
1000 0 536870911 10 80 10
79555 146389263 248520321 2 96 2
10 805306368 671088640 1 98 1
100000 805306368 671088640 1 98 1
100 805306368 671088640 1 98 1
100000 0 536870911 10 80 10
94835 857964176 663830561 19 61 20
3 430564049 694898474 22 33 45
100000 536870911 0 10 30 60
61437 220885528 885448432 16 34 50
83839 428562107 465816588 72 26 2
96873 994690038 913366124 9 11 80
1 144927007 925830551 22 33 45
85470 51469533 230757315 25 51 24
92117 627105566 660999531 64 16 20
84327 576811673 264653322 63 31 6
85643 335408813 44183020 63 27 10
84060 739615654 621967747 13 76 11
100000 805306368 671088640 1 1 98
2 868959345 145201568 22 33 45
100 805306368 671088640 1 1 98
98066 917969781 904363656 20 40 40
71284 454730736 39427319 98 0 2
100 805306368 671088640 98 1 1
80960 36035880 233068722 98 1 1
82596 853999635 52857989 70 3 27
10 805306368 671088640 1 1 98
1000 536870911 0 10 30 60
93184 487770588 143969674 11 81 8
10 805306368 671088640 98 1 1
82372 64173271 94469341 37 37 26
86179 355585759 51651354 39 56 5
75003 504460256 607691106 10 86 4
82273 809942850 161559370 74 9 17
80333 950490169 470673908 40 18 42
66991 873930820 122194057 58 13 29
60626 836357976 141063775 34 5 61
100000 805306368 671088640 98 1 1
87051 832807213 48245414 26 24 50
76656 746425547 475382965 46 30 24
92238 971356584 514235353 2 0 98
10 0 536870911 10 80 10
74978 661350692 666429434 27 33 40
5 916802111 20697048 22 33 45
77187 774349804 339970403 80 20 0
63177 751521316 13983509 10 32 58
56249 106737405 400093541 41 1 58
