50
1 9216 8704 1 1 98
4 4668 681 22 33 45
5 9216 8704 1 1 98
9 7026 2035 80 15 5
5 7195 827 47 9 44
9 417 243 16 59 25
7 1872 1533 88 3 9
6 322 5795 45 49 6
5 0 8191 10 80 10
1 9216 8704 98 1 1
5 907 2222 37 48 15
10 9216 8704 33 33 34
7 5292 7343 90 10 0
7 1368 1189 24 71 5
7 6085 273 87 12 1
5 8445 8523 100 0 0
9 2042 8310 83 17 0
8 7590 5523 6 83 11
5 8191 0 10 30 60
2 506 3100 22 33 45
6 3939 9887 82 2 16
5 9379 9748 86 9 5
10 8191 0 10 30 60
7 4330 288 79 18 3
5 6309 4618 28 22 50
9 4876 57 84 10 6
7 1732 3242 72 28 0
1 9216 8704 1 98 1
7 3977 8348 73 5 22
1 9077 4818 22 33 45
6 6906 6765 9 41 50
6 1420 8094 2 32 66
9 289 1944 65 15 20
3 886 1715 22 33 45
9 8778 1678 91 9 0
8 2585 7769 67 7 26
7 582 8324 77 1 22
10 9216 8704 1 1 98
5 1123 1876 93 4 3
5 9216 8704 1 98 1
7 1438 2238 61 33 6
6 4357 9227 56 8 36
5 9216 8704 98 1 1
8 7757 1388 36 53 11
10 9216 8704 1 98 1
10 0 8191 10 80 10
10 9216 8704 98 1 1
1 0 8191 10 80 10
1 8191 0 10 30 60
7 2905 3578 67 16 17
