10
100 20
34 81 87 21 41 27 97 51 40 2 11 26 77 1 74 10 56 12 19 33 47 4 41 32 46 82 54 20 73 40 23 6 20 61 78 60 87 74 62 78 76 24 3 4 24 28 66 32 91 36 64 38 40 4 21 85 37 27 56 9 66 30 66 85 90 43 45 29 69 58 6 96 82 61 99 5 40 16 36 31 52 51 68 91 7 40 27 43 66 82 4 31 12 69 68 53 64 64 81 84
21 4964
79 5049
47 5022
59 4965
45 5005
68 4955
97 5016
86 4996
27 4987
49 4959
45 4999
75 5043
73 5009
61 5015
5 5010
19 4974
79 5002
79 5026
77 5014
63 5030
23 10
82 68 82 69 5 36 95 68 85 38 65 88 12 72 60 5 32 47 61 25 65 38 3
15 257
15 270
2 270
8 274
16 256
22 274
10 262
17 262
4 258
4 258
15 20
41 89 43 25 36 3 49 52 92 51 17 59 30 58 62
13 115
3 108
4 118
15 114
15 112
7 119
13 108
6 106
5 115
2 120
6 109
9 111
3 109
11 109
13 106
15 110
12 119
15 113
4 115
14 117
958 20
22 27 61 41 27 53 100 67 34 36 95 22 71 26 50 9 21 88 77 77 87 19 3 89 58 85 14 88 60 69 99 81 95 59 21 73 11 73 92 97 60 38 70 30 63 19 39 35 6 67 11 45 85 65 85 42 2 50 81 61 19 79 94 65 90 66 90 52 38 81 100 97 70 70 79 32 40 69 18 98 35 80 42 19 44 26 12 45 75 44 58 45 75 51 62 16 16 51 19 6 83 19 54 52 40 32 35 79 52 4 28 86 83 69 56 26 46 19 23 73 15 80 69 89 82 30 56 49 32 74 54 66 44 60 17 83 91 3 14 95 6 41 32 88 62 40 66 7 58 40 31 24 71 100 64 52 81 19 52 13 93 58 78 36 17 47 19 59 1 84 53 59 24 85 46 85 24 63 44 33 2 74 57 72 73 20 75 54 39 79 18 83 36 47 70 52 93 88 62 46 23 15 4 47 51 1 83 74 64 26 58 17 100 66 41 24 86 67 29 76 45 46 10 80 45 79 83 37 19 45 34 41 59 37 39 61 38 22 34 1 47 43 69 98 9 9 74 46 76 2 73 20 100 82 52 44 60 34 32 78 30 66 71 88 54 9 48 91 30 33 43 29 28 12 78 36 20 51 33 47 5 5 67 56 86 70 51 45 3 82 75 33 99 45 72 53 53 72 95 35 56 38 63 83 49 40 70 20 43 2 67 47 6 85 54 43 54 4 40 56 37 14 40 88 10 64 40 14 87 86 48 94 23 62 29 23 54 98 43 96 52 9 94 9 93 47 52 98 50 43 5 38 56 45 25 17 60 16 30 46 2 30 91 24 91 19 47 96 69 41 43 20 49 36 80 93 34 83 90 35 25 94 73 80 90 97 48 1 13 30 46 66 59 37 89 1 7 87 97 75 27 91 46 27 79 26 71 12 8 60 99 33 6 23 64 47 19 64 48 83 93 45 48 51 33 89 3 40 27 51 14 6 42 60 32 20 37 3 83 44 14 81 28 71 3 44 18 74 7 65 8 99 61 8 49 94 48 3 33 74 54 98 79 95 9 63 66 45 17 48 41 30 81 68 53 83 11 70 8 17 86 68 15 98 75 15 91 74 18 75 47 23 73 78 17 33 40 82 78 56 81 18 37 61 37 41 96 48 10 3 16 47 22 83 97 96 97 87 21 66 62 68 88 86 97 56 18 88 89 95 95 70 64 83 30 1 24 77 100 85 32 15 32 53 49 28 1 46 66 21 63 79 40 3 64 36 58 34 75 47 28 69 68 44 52 49 96 75 26 47 59 57 13 42 61 62 21 61 59 87 82 21 17 73 23 81 61 33 14 35 79 93 4 98 88 7 46 83 81 71 29 91 79 42 33 40 55 5 52 13 43 85 85 60 58 8 92 18 92 57 52 22 1 7 19 89 13 64 23 45 87 4 36 17 97 20 8 51 76 60 63 19 44 47 30 1 6 21 18 97 77 22 70 77 28 88 17 93 4 40 37 90 43 24 58 91 95 66 41 71 25 55 41 68 53 70 21 59 90 90 7 18 11 77 46 91 16 63 35 19 54 23 60 48 47 18 38 93 35 78 63 59 84 3 78 36 24 98 46 65 88 53 82 50 81 80 92 48 42 26 67 47 49 78 94 47 95 31 39 81 60 54 39 43 8 17 30 32 66 76 96 5 80 78 55 60 9 46 7 2 72 25 48 72 3 41 18 49 23 56 30 34 9 20 76 17 88 5 100 54 32 95 58 11 24 12 22 32 10 81 33 33 5 80 4 59 72 21 8 94 28 89 27 89 8 54 57 48 11 56 1 42 50 58 53 26 22 26 57 83 6 42 15 11 73 18 21 45 90 28 90 17 68 69 57 28 74 13 75 84 68 27 78 70 36 82 95 57 7 3 91 13 44 5 75 17 74 95 13 63 75 54 32 94 22 88 21 96 53 47 31 20 73 60 41 9 93 87 17 100 90 8 64 85 64 90 53 38 84 65 100 10 19 83 4 92 71 76 39 23 23 22 94 47 81 87 7 26 73 76 77 62 83 40 99 98 81 51 35 64 16 87 26 86 69 29 29 91 4 68 13 78 89 59 77 21 45 83 46 69 58 22 31 92 13 29 90 93 31 24 9 46 10 34 83 31 14 12 21 69 79 86 47 19 96 75 91 40
385 458833
448 458759
324 459350
526 459331
316 459201
157 458881
671 458619
944 458522
356 458789
898 458499
528 458711
774 458710
670 458940
708 459259
114 458564
924 458864
368 458949
908 458862
425 459078
530 458622
149 20
28 84 74 7 34 10 18 18 27 43 13 65 88 38 88 79 81 6 44 66 15 17 40 84 9 27 46 58 36 77 57 15 61 83 21 46 92 91 63 70 33 75 35 72 12 74 50 44 32 45 61 46 61 52 81 69 78 26 78 65 3 35 80 15 17 52 12 60 42 74 81 26 100 67 97 11 41 98 6 72 42 66 69 55 18 2 75 95 27 53 60 81 39 91 47 7 42 58 18 36 31 98 13 82 17 62 92 57 11 97 80 53 63 100 59 32 1 33 26 80 37 37 60 75 27 7 33 21 64 50 8 47 100 20 28 16 33 72 24 44 20 55 48 34 54 6 65 7 38
139 11125
81 11156
1 11042
61 11110
57 11127
14 11145
56 11136
146 11140
56 11163
4 11034
149 11029
90 11101
144 11161
68 11134
35 11069
102 11152
18 11143
43 11158
18 11063
94 11092
942 20
44 71 75 60 57 31 55 5 19 74 29 2 12 6 32 35 37 67 23 26 91 53 100 94 62 71 97 79 44 33 22 87 55 48 98 11 78 52 68 48 25 96 49 88 1 32 23 90 98 45 15 41 50 15 86 63 85 82 41 80 66 62 18 20 10 15 83 39 66 50 39 43 97 87 82 97 71 4 86 20 1 53 60 2 19 45 64 55 78 56 34 43 18 51 15 79 17 97 69 34 98 7 76 94 46 10 42 16 65 80 35 17 32 47 18 50 43 33 4 21 89 89 15 58 91 29 88 7 25 56 40 74 15 68 67 60 77 61 27 41 40 61 58 71 59 27 72 2 60 27 74 48 15 88 57 5 17 44 63 93 99 54 19 13 21 85 24 49 45 50 42 36 63 51 6 21 77 29 74 36 55 47 35 69 87 91 25 55 34 87 47 85 41 17 49 13 54 73 14 98 22 55 86 84 5 91 57 33 72 30 21 26 29 7 47 15 98 71 69 83 10 67 19 2 84 68 66 37 40 79 86 13 33 71 49 89 14 5 22 85 86 94 62 14 100 8 28 49 79 96 32 40 15 50 41 98 69 58 86 60 37 71 25 69 94 73 10 59 29 83 43 14 76 56 28 75 64 7 24 94 55 7 33 69 8 25 18 29 82 3 88 18 25 12 39 18 84 48 76 64 30 70 78 57 78 57 31 41 63 6 34 17 64 18 37 72 42 54 100 75 56 39 45 81 51 83 50 86 82 78 2 63 99 79 71 76 87 53 16 1 59 1 70 74 18 6 97 11 60 48 38 15 87 82 47 89 16 49 74 49 26 27 11 76 57 81 52 43 85 19 96 43 72 65 69 41 70 65 4 29 13 41 96 51 22 94 39 37 42 64 85 19 91 47 95 47 79 98 42 63 68 37 58 91 1 26 32 70 90 35 51 54 75 98 4 48 91 42 84 85 6 20 55 48 18 49 94 96 98 35 10 18 71 67 8 23 92 39 93 34 25 95 39 51 92 43 98 34 36 33 70 93 52 25 40 69 25 34 16 23 20 26 92 43 44 99 65 88 90 9 21 66 3 11 17 46 53 14 32 89 99 53 81 2 77 21 23 2 6 38 76 77 15 19 19 59 17 84 46 58 44 18 24 47 28 92 44 81 57 27 21 55 80 53 57 56 25 79 9 30 68 36 59 83 54 77 93 23 12 38 32 8 55 7 6 82 98 49 14 7 28 34 61 7 39 69 14 63 99 75 45 67 10 3 1 16 31 93 90 95 30 21 2 36 80 7 17 77 7 83 83 34 68 96 40 6 64 6 69 63 80 13 81 41 67 81 8 97 73 97 43 54 70 44 89 1 2 5 29 9 39 64 94 7 59 86 12 74 91 32 88 22 44 68 62 10 48 22 59 72 70 1 25 91 97 13 91 50 70 20 58 8 83 4 14 93 89 78 66 79 9 6 52 5 73 13 66 73 86 24 44 56 77 69 46 25 33 37 74 2 8 84 10 42 87 75 34 75 52 51 5 61 56 8 65 81 20 30 53 58 6 48 13 34 16 58 10 49 46 83 2 5 18 11 46 4 86 31 30 89 82 86 1 89 93 65 69 65 47 73 22 4 21 86 89 88 95 98 88 93 32 90 97 50 52 43 5 37 25 87 78 6 72 78 47 17 95 67 33 93 40 54 96 12 91 36 51 85 33 39 77 16 80 26 65 31 68 70 20 92 56 97 50 79 74 48 47 68 14 79 60 5 84 7 16 74 94 19 59 78 57 87 94 36 12 58 66 31 79 85 75 86 33 76 17 7 23 63 26 36 42 38 93 25 96 60 51 90 78 61 67 34 47 12 21 11 70 39 41 100 75 67 38 8 42 54 66 64 68 91 52 9 80 96 86 76 55 88 17 33 48 35 18 94 47 91 56 68 81 97 19 55 15 56 14 57 61 79 72 29 22 75 89 53 70 74 80 77 13 96 61 60 83 78 6 81 20 61 100 100 9 18 55 24 26 20 32 86 99 55 66 72 30 55 24 51 80 4 27 93 51 87 52 85 17 57 17 88 70 16 88 78 86 94 53 63 13 84 100 63 39 66 34 20 20 10 22 51 65 49 43 67 87 47 52 55 55 68 43 24 36 82
552 443571
931 443908
365 443823
4 443220
704 444012
725 443563
317 443608
552 444096
807 444068
802 443735
355 443355
933 443270
561 443638
825 443659
413 443398
94 444132
396 443726
614 443990
759 444133
502 443634
921 20
22 48 72 44 48 43 64 11 15 78 41 25 39 22 41 6 23 100 48 10 91 44 66 61 45 7 17 87 82 78 60 4 77 31 47 24 25 62 87 91 39 27 67 29 1 8 86 75 59 34 84 1 29 1 61 73 60 29 11 41 6 70 96 83 52 94 58 76 55 96 19 46 23 85 74 75 92 12 1 2 97 84 3 25 37 63 97 96 92 7 36 49 28 32 83 79 25 93 6 32 88 24 77 62 9 2 36 52 13 36 54 9 72 8 85 60 22 33 7 13 39 42 14 18 25 96 96 2 88 2 33 28 77 61 89 37 62 77 89 27 64 94 87 87 53 72 46 74 56 52 39 47 46 52 64 70 99 60 23 39 13 7 66 89 19 6 26 33 82 66 59 46 59 97 32 63 20 30 36 76 81 74 22 26 77 85 48 76 96 22 66 8 29 83 49 47 88 74 31 22 39 89 67 49 38 50 11 57 79 98 84 12 24 5 89 100 42 88 27 37 10 92 97 90 26 45 88 14 18 19 35 8 59 53 8 96 2 70 5 33 67 88 44 90 45 32 42 86 72 68 74 81 12 70 70 37 66 9 2 83 27 88 42 86 40 49 33 94 70 37 78 37 77 73 78 21 56 19 58 27 39 31 7 2 53 28 90 18 37 92 53 15 31 94 100 23 95 85 16 64 21 45 52 49 17 82 21 72 100 78 51 90 61 57 91 65 37 81 82 25 24 86 39 54 32 91 76 78 75 43 93 95 87 45 96 55 26 16 79 77 94 29 67 6 37 9 70 25 89 3 49 64 41 88 18 72 78 45 1 52 88 93 98 26 89 93 33 66 61 11 43 6 91 61 11 79 69 32 4 10 34 52 73 26 91 42 97 68 87 97 71 74 42 21 51 30 65 83 96 25 45 90 30 87 2 92 66 22 23 21 31 9 24 56 34 15 97 83 34 35 31 57 8 72 77 11 54 93 45 1 18 90 90 99 28 91 91 93 64 13 65 95 21 89 2 7 55 50 89 40 85 71 96 44 95 24 54 48 17 99 48 86 40 89 84 67 31 74 12 94 87 76 40 59 16 41 17 70 43 57 62 27 28 57 70 22 33 76 21 49 74 20 86 13 8 69 31 38 43 42 83 81 70 23 39 85 15 56 7 57 64 68 35 91 24 5 64 8 80 84 8 5 3 93 69 62 62 99 99 4 93 34 36 62 56 74 46 70 81 4 79 45 71 13 87 47 69 51 54 48 86 62 4 41 6 72 2 67 23 53 22 15 86 57 28 41 83 25 62 15 29 92 59 99 5 98 45 73 100 51 73 85 64 28 25 69 100 27 36 74 79 9 88 64 66 15 56 48 39 17 62 67 9 73 18 65 22 14 89 21 64 13 5 27 41 30 48 92 8 35 65 38 43 4 1 8 18 56 7 8 24 69 27 84 93 44 48 14 9 89 34 25 1 90 51 41 71 50 84 78 84 48 15 27 51 67 34 20 74 41 28 50 61 6 33 53 1 33 18 9 21 51 33 73 40 36 66 63 85 49 40 21 97 7 47 99 25 32 19 99 24 98 48 84 55 32 88 55 64 5 15 36 7 48 9 99 35 74 61 71 22 52 91 70 58 37 21 35 21 91 33 44 40 32 28 94 15 67 100 79 72 14 66 30 13 74 80 47 99 40 70 73 44 60 42 53 49 14 87 21 4 71 64 43 2 43 88 17 10 87 47 33 53 12 62 65 38 42 64 36 33 33 8 76 44 2 29 44 15 15 64 71 86 28 65 39 70 5 7 79 91 53 63 43 17 25 60 6 18 23 41 50 55 1 78 50 54 6 94 68 20 57 90 57 36 55 96 58 59 54 88 1 7 51 96 75 27 55 80 44 77 72 45 83 24 22 84 77 79 77 97 51 86 86 7 73 92 54 30 2 8 18 55 66 68 50 92 46 56 23 89 84 94 85 66 70 7 1 46 85 78 94 35 15 80 94 87 23 99 69 77 6 38 31 23 5 32 14 50 87 36 90 70 82 74 87 3 32 87 48 69 16 42 55 82 73 100 21 47 99 89 23 4 26 5 79 82 36 92 83 74
843 424021
88 424280
515 424307
125 424496
119 424513
812 424073
31 424155
665 424409
348 424366
450 424026
852 423663
856 424331
240 424544
231 424381
829 424389
419 423832
832 424076
209 424157
860 424249
510 424446
951 20
76 2 59 31 22 37 37 62 14 41 90 66 100 47 22 38 85 17 19 57 34 31 52 98 55 48 94 93 23 9 96 99 62 54 29 84 43 17 45 8 57 87 25 8 33 98 45 70 15 15 78 48 45 30 97 51 29 90 95 51 50 91 49 12 96 29 95 38 45 39 98 53 25 22 61 10 20 57 31 34 72 8 33 68 89 82 71 17 71 65 68 21 7 68 84 3 97 78 92 93 68 41 46 93 63 58 54 34 14 84 19 85 43 3 5 32 84 75 48 7 39 67 79 98 35 62 100 83 39 43 75 6 84 72 50 98 29 55 31 43 90 49 79 33 3 83 64 87 57 63 45 48 30 23 45 16 84 96 50 74 38 24 79 73 48 81 70 76 35 100 70 25 100 49 57 55 31 72 41 40 34 85 87 15 59 83 82 42 78 31 15 15 55 45 88 2 25 9 29 12 61 99 88 60 47 96 14 29 67 6 68 52 42 6 67 100 88 48 93 65 79 7 32 85 4 71 38 80 79 18 91 39 16 78 51 14 73 16 43 91 74 62 43 15 68 61 67 7 8 59 72 38 18 55 74 21 25 11 52 3 29 43 94 96 72 96 10 97 11 4 39 84 17 81 51 36 41 17 43 1 75 66 90 44 20 64 64 44 26 16 98 54 10 43 2 33 38 11 81 1 66 20 36 82 52 86 18 45 54 12 45 81 77 34 24 48 49 40 43 75 7 92 28 68 35 81 100 24 91 33 24 8 52 60 90 55 97 59 99 3 22 43 83 98 29 6 45 77 97 87 51 3 78 31 70 64 11 22 88 54 6 63 13 9 74 2 63 23 12 62 25 33 56 7 82 36 64 78 13 61 16 15 15 46 97 37 9 8 58 48 13 15 11 25 23 36 79 85 58 42 98 34 75 54 40 8 89 56 86 53 68 1 68 82 46 64 18 7 23 27 54 35 41 16 12 15 4 90 100 61 31 97 95 57 2 86 17 91 93 54 43 60 54 62 42 52 26 11 10 100 90 15 87 82 31 98 97 34 39 96 46 21 44 92 30 46 30 46 88 22 99 30 82 4 44 75 7 69 37 16 20 26 31 6 8 13 3 56 98 93 3 95 14 98 87 43 43 68 40 30 89 38 12 22 93 55 96 52 75 33 67 94 58 49 52 17 13 6 24 10 99 26 5 12 76 43 6 18 10 45 100 50 34 11 72 26 17 67 77 91 51 96 36 9 96 87 77 9 93 53 18 43 30 74 54 5 16 59 75 77 55 74 27 88 84 98 65 52 16 94 94 67 41 29 27 36 68 55 44 12 7 14 54 37 87 59 93 55 69 67 31 23 40 9 62 75 6 78 26 22 71 19 88 11 100 66 47 19 20 42 82 27 55 35 15 94 93 7 100 13 26 82 35 65 91 48 92 48 25 69 21 96 40 60 58 91 25 56 9 45 98 90 23 4 76 37 49 20 95 100 32 72 82 18 89 24 65 80 23 41 100 44 36 39 55 46 29 32 1 89 28 50 30 50 54 5 38 54 76 84 54 7 56 87 76 44 10 92 75 84 33 74 27 20 65 34 65 93 65 66 34 92 15 63 93 20 20 82 26 95 65 31 54 72 17 29 67 78 21 41 61 5 67 40 24 31 73 89 75 89 6 60 32 72 23 76 92 94 57 69 88 73 99 93 45 15 22 11 44 94 4 4 50 22 43 73 52 67 13 78 7 18 90 90 90 64 65 33 57 73 1 96 46 51 89 90 65 62 100 60 7 55 63 56 76 58 80 79 76 93 9 83 10 98 24 99 61 89 83 17 13 83 12 58 33 52 47 49 13 99 60 71 53 23 26 81 32 6 59 7 98 67 41 59 64 65 10 76 5 92 92 17 27 56 75 11 7 73 12 72 71 71 42 76 93 20 56 76 77 66 83 26 85 75 84 48 91 45 24 95 37 67 64 15 74 90 25 33 14 36 4 37 59 97 12 51 68 19 79 96 36 61 21 20 87 57 20 78 1 43 24 89 61 39 3 35 28 28 19 94 15 22 30 73 70 41 76 90 11 54 85 46 66 6 66 52 14 85 29 14 79 5 55 91 43 57 77 23 36 95 16 3 68 45 75 38 85 2 79 47 7 63 92 72 20 9 76 33 93 56 99
12 452429
693 452300
415 452468
224 452214
81 452152
611 451912
49 452561
286 452496
416 452509
230 451799
393 452645
701 451878
88 451908
338 451944
298 451985
143 452483
940 451842
570 452390
927 452000
749 451786
978 20
72 90 31 7 63 23 78 89 42 47 73 75 59 29 27 28 60 64 94 99 47 82 49 34 35 53 30 77 33 21 56 4 11 38 10 25 12 39 13 53 37 85 79 95 66 58 75 25 21 68 75 20 1 75 53 87 27 82 15 11 55 70 14 65 59 75 41 71 13 53 75 1 89 6 96 54 63 70 31 35 89 57 6 41 32 59 27 10 92 41 21 46 63 86 62 73 61 2 43 25 6 70 26 47 75 73 52 89 42 82 75 82 39 81 74 22 91 52 83 82 92 3 80 6 41 41 79 1 95 73 77 52 94 2 98 20 26 50 60 67 83 35 100 73 67 73 94 57 76 29 90 20 83 69 25 23 62 55 75 56 80 52 59 25 5 57 45 31 58 4 49 40 90 49 13 56 73 58 64 1 38 54 20 21 22 44 43 83 51 18 90 82 21 49 6 25 57 50 55 14 6 56 5 95 4 69 3 28 79 18 28 16 71 99 36 45 43 79 79 45 48 21 26 68 21 31 44 77 33 99 42 38 54 46 84 9 15 38 88 93 56 68 8 78 66 96 22 60 74 1 56 73 21 81 92 41 64 35 69 96 85 10 85 90 55 20 50 21 58 90 13 13 9 73 90 74 68 64 86 93 64 41 17 36 74 8 28 89 94 96 36 79 57 20 20 63 39 22 84 48 11 48 12 19 72 54 44 39 17 81 83 32 22 99 19 47 58 46 35 52 93 70 82 49 41 1 63 31 22 46 79 84 46 42 2 17 95 98 8 11 78 90 94 51 41 12 97 98 57 83 49 1 4 82 1 96 83 64 27 56 61 57 40 6 98 93 75 45 90 34 7 68 23 1 18 15 12 67 13 21 1 13 21 5 95 22 100 29 37 78 84 97 86 75 55 36 20 81 80 9 14 86 28 88 38 46 3 50 64 67 70 64 79 42 20 25 15 72 53 51 49 89 48 35 15 54 70 34 34 1 43 47 86 70 86 76 67 88 25 82 54 46 98 85 87 17 9 54 88 14 4 89 2 3 75 68 56 44 2 41 96 96 39 33 17 25 8 84 64 32 17 70 29 14 54 68 83 14 21 22 27 24 10 80 27 84 48 34 79 1 27 74 96 65 7 12 41 66 47 5 98 16 26 26 29 79 45 63 44 65 85 71 89 46 2 67 82 1 52 12 1 78 38 48 95 96 60 87 61 58 43 10 73 68 88 2 98 32 16 42 97 52 64 37 98 17 3 31 18 6 42 70 84 31 18 30 26 77 16 87 34 59 96 7 78 83 60 76 15 27 69 63 79 32 99 76 48 53 58 17 58 99 87 93 30 4 22 7 80 90 93 65 100 41 23 77 75 34 4 41 61 72 3 39 55 53 66 3 5 23 19 63 21 5 55 2 60 29 9 91 70 53 56 69 45 78 97 72 64 53 12 24 24 67 62 79 19 27 33 76 49 3 38 21 60 44 23 19 24 83 10 93 87 17 13 32 46 10 3 9 14 66 32 89 32 45 67 3 71 51 78 71 6 67 92 65 62 66 35 86 100 96 78 86 12 43 69 58 4 71 18 17 37 50 5 20 46 24 74 69 74 3 39 31 21 82 47 83 99 82 20 98 77 97 36 41 91 4 50 94 27 67 10 15 68 15 86 66 38 60 34 63 14 72 94 35 6 92 17 4 73 36 54 2 84 89 94 75 44 43 68 70 61 30 84 81 44 22 46 33 81 79 47 94 2 92 28 7 84 96 11 8 83 64 9 19 4 54 45 47 48 64 69 9 93 4 41 88 25 38 72 57 16 19 51 69 10 30 76 45 78 38 53 12 53 13 82 8 67 26 6 14 42 74 74 34 30 66 74 54 3 45 11 70 63 13 39 25 94 66 69 23 3 73 35 7 86 16 14 52 94 19 17 35 45 91 20 74 56 45 27 11 90 89 80 4 53 18 80 47 83 1 69 37 73 55 95 58 23 8 61 68 79 78 54 23 20 73 96 27 70 74 37 11 15 69 66 67 86 46 65 21 46 86 9 70 40 4 80 14 63 40 81 41 69 34 15 40 59 62 19 28 36 7 90 2 75 55 68 13 100 85 33 97 70 93 67 61 96 98 75 59 37 7 51 58 93 66 97 51 79 67 30 14 74 19 67 100 25 35 12 25 71 96 73 40 89 91 100 36 88 26 46 77 85 97 34 77 14 82 79 92 1 8 58 74 78 24
803 478454
528 478437
806 478236
270 478497
261 478240
591 478225
868 477975
40 477767
875 478008
551 478714
386 478426
813 477964
482 478023
83 477977
208 478216
740 478699
744 478442
277 478161
735 478236
755 478714
919 20
8 28 31 40 27 35 100 11 36 93 22 53 19 12 10 94 12 28 45 90 70 21 21 73 85 81 55 33 44 60 4 51 87 34 42 66 68 41 76 55 85 49 8 3 12 69 48 24 97 93 65 66 65 85 38 50 65 44 82 8 56 85 10 42 18 51 59 37 43 34 92 27 35 99 30 98 67 77 73 63 21 37 80 86 21 69 87 86 13 68 45 20 4 55 61 21 57 20 57 100 5 100 78 91 98 7 89 17 36 13 79 8 50 11 45 70 79 31 7 43 98 52 62 1 58 75 73 14 46 82 65 2 81 43 93 31 49 33 47 36 45 77 44 94 87 88 16 66 19 22 8 68 25 22 21 82 96 93 96 41 74 12 42 7 54 34 37 3 18 83 90 63 59 85 8 98 73 75 63 43 97 22 62 73 43 82 55 90 75 2 30 100 13 24 6 67 9 94 21 27 28 62 41 39 47 48 36 71 23 50 13 71 71 74 95 66 56 49 55 82 2 37 81 67 60 39 85 68 32 57 94 60 18 34 98 16 34 85 86 8 34 98 30 4 24 24 21 31 25 28 12 78 64 44 44 23 82 80 90 66 36 36 25 6 21 74 21 54 58 7 13 43 56 42 98 31 18 19 61 42 46 24 19 61 68 15 83 1 94 24 66 82 59 42 87 80 67 59 85 76 65 50 18 73 91 16 3 60 86 16 1 31 39 72 91 58 38 25 59 83 48 76 64 59 18 2 38 36 61 74 12 77 23 29 49 66 96 52 25 81 19 78 63 57 1 5 67 38 81 77 20 29 52 84 39 21 37 28 57 97 1 20 74 76 100 74 41 96 77 17 28 95 94 43 4 46 99 70 83 80 46 55 60 49 90 98 70 26 25 78 23 77 49 48 52 48 21 44 95 98 61 75 92 6 17 95 52 67 16 86 46 61 40 5 62 29 54 83 55 30 60 29 7 8 76 10 7 48 54 2 45 66 76 89 71 44 35 74 10 51 12 8 63 3 64 24 32 18 6 38 47 17 18 5 76 45 15 83 92 68 36 89 85 63 29 7 6 63 81 67 13 44 74 28 46 90 51 29 7 9 66 5 25 35 10 1 79 76 35 23 95 70 63 79 32 91 85 89 53 17 7 18 60 33 45 6 22 47 34 28 55 52 84 32 38 45 84 17 20 18 91 14 87 53 44 70 43 29 10 95 97 16 64 9 48 8 14 69 7 99 48 13 2 32 44 40 76 27 8 48 44 98 61 82 2 57 3 44 37 12 90 33 28 54 41 75 13 6 44 19 57 91 84 10 74 27 49 50 6 8 97 1 57 9 83 58 65 85 1 1 97 91 86 76 96 26 50 8 84 45 79 40 88 62 49 61 88 50 10 45 9 58 46 66 19 80 23 35 16 76 36 12 18 21 39 13 98 89 20 81 85 98 20 72 11 21 33 99 22 94 95 30 4 40 95 22 19 70 56 35 97 43 98 14 15 37 26 13 77 97 45 61 47 17 33 57 37 17 7 10 10 2 39 13 93 34 34 12 55 42 98 51 84 47 64 51 83 41 63 11 89 59 72 35 75 4 44 63 20 2 72 81 3 11 46 96 96 31 59 50 72 8 52 8 54 15 58 89 7 72 99 95 30 70 82 57 25 25 19 96 26 43 77 81 5 22 28 52 52 86 53 76 45 4 83 98 70 40 86 76 11 85 22 92 6 3 48 31 27 19 78 5 13 6 85 17 79 12 68 83 49 20 58 93 75 92 42 44 83 28 71 45 64 92 36 69 47 36 51 73 54 29 29 66 86 13 34 65 76 53 99 76 24 56 20 98 99 62 93 81 89 15 25 4 6 12 72 4 99 75 29 4 55 57 21 40 22 54 56 49 6 54 25 81 61 96 78 59 57 22 91 97 36 67 100 94 79 24 97 29 50 25 33 4 34 53 95 55 7 51 55 64 56 79 45 17 75 74 27 83 48 18 80 83 84 31 28 14 6 77 43 55 53 27 10 86 79 5 92 85 7 47 1 62 77 97 30 51 22 57 86 69 26 17 4 9 47 83 75 5 59 69 59 12 95 69 97 73 25
390 422255
566 422626
30 422732
739 422072
616 422622
294 422482
594 421916
574 422347
772 422371
763 422223
261 422707
625 422167
603 421874
257 422559
190 422164
45 422162
143 422131
693 422569
329 422517
551 422086
