Case #1:
7529925
7884657
7767325
7532763
7696054
7492660
7739607
7657049
7622459
7509251
7671209
7857596
7711593
7737228
7717660
7569979
7682210
7783067
7732307
7801022
Case #2:
101401
114440
114857
119232
100412
118469
106400
106047
102738
102738
Case #3:
27259
23923
29488
26565
25462
30049
23505
22853
27622
30903
24341
25249
24432
24118
22526
24412
29813
26008
27652
28392
Case #4:
7348960306
7345487279
7373503090
7372578075
7366362610
7351222092
7338933994
7334400306
7346896652
7333334314
7343237192
7343177231
7353980868
7369114187
7336391603
7350387682
7354418911
7350294783
7360513409
7339081013
Case #5:
28116968
28334486
27562796
28018277
28134705
28259845
28196700
28219804
28384462
27509861
27471134
27955881
28366025
28182492
27742139
28305639
28245954
28349793
27702325
27894694
Case #6:
7025765339
7041500210
7037536768
7009560813
7046421845
7025384438
7027495234
7050413461
7049069129
7033395576
7015770722
7011823539
7028882541
7029846480
7017754130
7052142368
7032995323
7045386570
7052165464
7028698940
Case #7:
6637758456
6649569836
6650793455
6659501042
6660288248
6640116651
6643869524
6655467516
6653504912
6638005931
6621643362
6651873768
6661724443
6654197138
6654537703
6629251672
6640251407
6643958372
6648121843
6657179888
Case #8:
7247356167
7241238879
7249197603
7237210688
7234303464
7223080010
7253632414
7250532003
7251146093
7217844323
7257648766
7221493883
7222910320
7224580910
7226492602
7249917131
7219806092
7245494764
7227160706
7217219608
Case #9:
7747368081
7746568291
7736979392
7749453696
7737192556
7736469192
7724642057
7714907549
7726195859
7759944693
7746047425
7724127727
7726923608
7724766294
7736055386
7759202439
7746796834
7733448796
7736983519
7759934292
Case #10:
6318238030
6334678524
6339457992
6310194105
6334497174
6328272124
6303395073
6322285226
6323334667
6316813188
6338325237
6314361473
6301567448
6331698279
6314244989
6314158889
6312798878
6332126659
6329826595
6310816256
