100

2 4 10
8114 338
6597 4418 4331 3300
7832 4956 8834 903 1804 2750 2324 1754 8162 3330
10
2229786 3910893
29894432 3956238
35141734 21895608
23185110 17551476
65855025 30988880
2229786 5953200
8211918 10121596
1493284 51667704
41395875 5733610
26776200 51667704

7 10 7
139 1399 7451 1583 3511 311 6421
7297 9413 9491 9043 5501 6397 6491 1031 4159 7487
7213 7907 113 4877 5869 1933 2243
10
13168787 12547103
10208503 1992923
31947719 1171349
4945769 21918137
26286857 12547103
1014283 21113359
12651157 21113359
56821243 920351
640903 3248857
10697279 57535403

8 7 5
7001 9851 1549 2269 3167 1093 6779 8209
7937 3967 1871 1553 787 2143 7331
5659 983 827 613 2753
10
7752737 20182243
5335073 1146923
21110693 3899561
2067031 51089723
5141057 4397609
7312673 33756133
17591887 2166611
73666897 51340963
1346869 11042597

9 4 8
8199 6180 4228 655 9113 2899 8051 3574 6219
4335 6948 5377 336
1347 9255 4202 4098 5958 8459 7617 4821
10
521752 3623328
29376144 25922517
37362440 20937420
397215 49406193
1420608 41396184
1705587 15841212
4550940 2842224
79061118 9886970
2089584 29195496
220080 33019695

1 2 9
260
3352 9163
4540 9143 8378 1578 948 9724 7023 2575 8533
10
33585464 2087349
871520 83777309
871520 41600020
2382380 28083056
41378238 24897698
2382380 3177696
2382380 32594848
11333262 25038104
25202659 8903150
16188172 14984241

6 4 9
678 767 9940 6335 2282 6434
1661 4515 1284 1784
1717 5853 6065 1791 2415 4880 9351 3979 65
10
8134140 6609119
16510340 7752255
7503504 12832566
984828 107965
63130704 68745120
12823720 9782784
11478256 8105680
45900612 18431448
29049510 3100860
17365446 12136968

2 3 6
8974 1587
2886 6415 946
8138 8132 2727 4445 746 1732
10
8489404 28514675
1406475 37797408
57568210 2579742
1501302 4785590
3095457 16091140
57857800 17108247
10180605 7692872
4580082 52166780
28444794 2059070
28908900 75853584

3 6 1
7972 4885 4607
8786 5945 2306 7804 3706 3270
7235
10
42919610 23658450
70041992 56461940
525987 16673188
11264810 23658450
4063962 5062776
18869730 6726564
25410960 39897460
18103810 43012075
32624150 82491850
29544232 43012075

4 8 5
7135 8335 7262 4082
8974 6897 6944 4784 3425 1835 1135 1306
9170 5464 302 2578 3816
10
24872350 17780466
47267020 21559425
19528288 17901632
28153554 342770
39874640 342770
12280555 71352
32890704 21488160
36631868 7002360
40813080 10699416
1797600 787116

8 7 2
8913 4685 4938 1936 7096 3878 3051 3708
161 5579 5484 7025 1264 5044 1492
5619 8844
10
20078474 66374100
5921840 8383548
40779534 33967584
311696 44609136
10587232 7102416
27079992 31348401
15389244 904659
28123417 14860780
29546840 14779128
29466708 29289051

6 2 9
647 6737 8233 2381 6491 149
4793 677
2309 6271 8269 1231 5273 127 7 4259 887
10
4560949 30056903
4560949 608711
5763623 49352711
4577227 21699413
1011463 204277
19785109 4514617
4394407 30056903
1611937 11067037
40797083 17852147
11412133 4739

5 2 4
8167 4007 8941 151 6547
7829 2963
3407 9689 6397 5869
10
28928693 3495407
557131 1598203
11872741 50082113
17282029 2072177
69999089 28708507
75911323 8231869
69999089 28708507
69999089 18954311
10654001 28666139
11872741 26673403

4 4 2
8707 179 4261 8291
4649 353 8807 5501
8419 6427
10
1565363 4367117
73018837 46312919
45608791 29879123
3619241 9209911
3073571 39139931
275173 8708351
5356633 95588573
40478843 35354927
38544859 56602589
1274153 7249883

6 3 6
2753 2477 5743 9547 2927 6421
7487 4813 2281
8663 3701 3853 2447 8111 8231
10
41039281 9454427
976873 5111867
6279593 18544489
20340071 1644091
5650037 61625497
40053151 2339201
6676487 18544489
2325941 40488029
20611711 8441981
13099783 18320689

1 10 2
6581
3727 9013 4457 3853 4787 7193 6113 521 8783 7577
7669 5441
10
9867997 18510881
3373099 10153861
3049499 56787151
24527387 49039733
17510863 11730559
40229653 24250537
3075923 8958379
24527387 55163117
49864237 28582363
3428701 24250537

10
29721865 16910208
42903186 28469220
47413080 1825200
18495322 3001116
15976935 801132
8781544 31911850
20094756 2737
4184046 13986720
35221632 48898749
61511042 43661695

10 3 8
7599 1681 8954 9295 6602 1734 944 4846 4887 5915
9207 2606 4627
6480 9510 6710 7979 4535 2859 3656 7416
10
4380686 36918833
54459405 16916312
30547454 19326096
69963993 20793274
8903420 15319504
41792625 13856928
6942600 41471280
4827396 427479
4367888 73462653
44113028 49323498

3 9 10
3228 7496 752
4945 1028 8722 7412 3190 3129 6106 4928 6075
6830 4744 270 5818 8905 7488 1267 2924 2254 5352
10
7314112 38696170
2723136 5330016
28154616 14459180
23873760 1165725
773056 13762924
23925936 17763300
80405675 33769824
9825632 11355666
19710168 65310336
4591712 28770010

2 7 6
2308 2286
9939 286 4010 4559 6544 8684 4849
8531 2571 1713 8295 6717 7337
10
27360114 12011970
6815928 9174260
19851624 26935170
11191492 38892829
19851624 82444005
15317682 23075712
22721720 22410414
660088 41366819
8263132 9277254
653796 11721189

4 6 4
9368 4854 1040 6308
5140 4921 4105 9405 3628 4048
280 6764 2303 9454
10
28497980 2585844
23886534 2633400
15423954 65863406
48151520 8355284
18143034 18285904
19925670 1133440
63265041 10846278
59326740 1133440
9781200 1439200
16856385 4624760

3 6 5
9405 54 5797
5371 2307 4330 2584 3240 6073
8717 1510 8143 4152 3476
10
18782280 15051080
14798164 2351436
13614480 31532880
290034 17978160
14412000 13959517
65648 9662744
233820 52938341
1190703 1550340
25101010 11262240
14979448 17978160

9 4 9
7998 2872 9686 3175 7811 898 8938 366 2176
9455 9890 8699 2759
8833 5623 5926 6134 37 4208 5785 1143 3910
10
9785424 43522844
20574080 15960815
24943662 11691232
30019625 60665260
75621090 60665260
3082384 7554419
28404080 57996970
3183834 39786640
7152020 27136566
8062947 49555105

6 4 3
9826 2440 232 1971 3740 1388
9296 5546 538 4876
9364 2912 3111
10
91342496 51932744
26174880 23261799
23465202 3899628
5930148 38792754
34767040 45658864
8780848 25701312
1060398 45658864
5286388 45658864
18236240 17253606
18931743 1621788

10 6 4
1686 1912 912 1293 8953 6249 6315 3648 494 8264
4795 3502 2275 8206 78 2092
6902 6057 6920 2045
10
38654028 67118766
17288288 9805775
13835316 29043315
3886470 2665278
33814209 47724768
21883998 29043315
11063661 82236352
644592 33095090
2074800 24170804
36415190 54448772

6 8 7
6497 7202 2974 5251 671 3479
3508 7343 7126 8177 8681 3102 9114 68
1518 794 932 2759 9662 5780 8408
10
47679558 115980
18636556 7934110
202232 17929560
29702484 2192916
2081442 9678572
74482302 10766256
46297622 6843676
73073664 40769888
6115494 187612
21838082 571744

5 7 3
2729 329 4022 7675 7831
3646 7586 2813 8521 1328 4222 8381
7320 5644 9176
10
2949399 31748220
58222550 23828968
2322627 3264240
64324175 12185728
49293387 42963210
72164739 2844962
11850430 4755424
30510892 9720960
21589775 20578024
5341216 26688720

10
3292607 36541117
9507059 58197401
1748683 39626179
20621687 944057
56181943 13007779
43416949 5352929
64814381 20321839
44107309 7673921
4164659 46075153
1019171 55211711

5 5 9
3501 1435 7691 3945 9774
329 4468 1772 5 4257
9127 5571 5475 4239 9844 8859 1781 9574 5189
10
15642468 25945
2892960 6705204
17626260 16173044
16793865 24891228
311410 963656
59701620 4753588
2542820 585949
12192232 1859232
3215646 38853639
21080880 25082565

8 8 8
5896 3571 8162 437 7472 6462 6813 9733
8337 4223 9695 1001 1161 9390 3324 4416
4568 4115 6624 1230 9848 2052 707 9786
10
13294512 12387365
29291760 65075395
29771427 20172288
28671078 3771336
80867589 13410969
79130590 38083416
70162080 10254510
30145113 26856405
1452588 9857848
36043392 13678260

5 7 9
6811 2833 6371 5422 2707
5458 1381 312 5323 3522 7647 7419
9448 1098 3962 3271 8397 5275 1238 1873 7052
10
2760574 1040468
9977826 51567184
9405991 52318788
15462514 342576
8566614 90594808
8798351 21089726
10652814 63192143
24446730 1868860
29593276 52318788
20842184 18950328

9 6 4
8365 4959 3586 9512 8230 3315 8362 9223 456
333 278 5778 982 4805 8725
6232 560 8072 9054
10
23827995 2075256
12196762 337470
56959926 7128000
31287850 3014982
6326542 18677370
2993220 13704911
40193825 46640016
56338497 55164375
40193825 46640016
44316515 7926704

4 7 9
1417 8508 4105 4988
3694 8479 5385 480 4278 3010 1267
5196 3277 126 1976 8553 976 5213 6510 9428
10
72139332 6583332
4797884 80635675
17220625 126480
35495040 78340824
15163870 14019006
12014743 1236592
6061926 4525440
42580818 18152315
24839686 13190800
17561190 15639960

5 10 4
3759 529 6483 3098 6878
8466 5622 9492 605 6683 891 1784 7138 9772 6496
2307 4453 9670 786
10
42802236 13177980
536085 3125700
31823694 12969954
20124608 5252838
2274195 91787640
3349269 22544004
24444000 40496743
26831742 7944152
5582192 28776114
2453932 39823695

5 8 7
2473 6498 6586 5607 9675
2264 9020 5966 244 8238 2642 8451 2217
8080 5964 6493 55 206 2099 4829
10
14753918 17291562
87268500 39781302
22534408 8524014
79702650 10932856
15453585 9304134
59974043 3985497
12694248 28809814
1630657 15610174
19543050 846522
12694248 17738649

10 10 3
4909 8737 7417 9871 9697 2027 5381 7283 7691 9791
9931 587 2089 5197 9521 3491 5407 2411 8111 9241
1753 9473 9791
10
8256767 7556869
15095827 31927897
7076257 22839403
2227681 44068511
93220111 50883827
17559313 6119723
16812071 76648181
12654113 1073929
19299067 49231181
52939937 90478631

1 7 9
9939
1184 765 1262 2057 6596 8947 4733
6793 3624 1902 1312 6244 8615 1129 5251 7479
10
88924233 29552852
7603335 77078405
17794139 26628448
69421200 4537854
36829353 24657750
65557644 7392896
7603335 7879928
16188258 26710680
81918222 5265000
47041287 5721435

8 3 7
7820 564 6281 9782 5774 8492 4320 7112
6292 4088 1777
4387 1881 9860 914 6953 3307 9907
10
5592240 8165830
50319676 7646752
86355120 3864736
39520052 5876539
7378470 55982668
29073856 11835252
17660160 62334844
6979285 62919960
61548344 17934056
3548688 1624178

7 4 9
8509 3323 8817 1994 4995 3712 7074
128 5703 1949 1976
4570 9336 9621 4567 8325 9388 3744 5614 1044
10
17184333 18447936
49074272 181589
40436370 46640916
18951069 7297056
425344 18550688
31182960 40564830
9163773 41683275
38934729 7392378
40343022 1201664
48526827 2062944

9 8 9
1892 9055 3586 3147 3129 4820 6930 2106 4904
4925 791 5010 4556 5050 1525 2849 8944
5066 7969 3690 4546 1766 6168 1562 1023 9965
10
22342624 31148400
10551060 1396906
39832572 783580
19735394 4271800
50154335 17551815
10372050 15196625
19641270 51131962
4854500 62599600
8914521 33003360
3812620 45400540

5 5 10
3889 9203 1447 5839 8609
2053 1187 2063 4271 8081
4817 5077 6959 3257 5209 7901 2729 6733 2593 3923
10
16609919 3866059
9765797 9894961
5899897 9367759
8023007 54409373
11693207 11655559
2985161 20954033
7544807 1458983
11987467 13910647
20029753 2396729
31318589 53226521

7 4 2
1297 6569 1733 2411 4019 1087 2393
6977 1663 61 3691
1619 1129
10
28040563 5975729
6396503 11295763
695531 24548077
10924247 5975729
86526613 7940027
2881979 4167139
16695961 4167139
24898717 5109077
249761 3838489
3792559 43946647

6 3 1
1401 6501 994 1032 586 500
2628 5714 6954
8548
10
10304146 3469070
31156237 9769344
37146714 22464144
17084628 48843272
3681828 59442792
9742554 48843272
6618618 7671685
30094195 38595776
36368270 13566908
5679716 59442792

6 7 6
8990 9652 124 1563 8626 9264
5560 7893 8137 7437 3404 3504 4417
3847 543 1069 234 4810 3897
10
30225504 5943640
8908416 1364188
75381168 13095188
8852358 24883054
5460273 11438202
70958070 1902672
16763682 6772360
30601960 26743600
68085018 21245770
19143144 64061712

7 5 6
4591 8599 6277 7393 3461 2459 7673
1237 2971 6043 9349 1741
8009 1951 8783 8123 7103 2659
10
45253729 69099113
18648967 8786411
63717497 11880247
69117157 23794739
4281257 12366323
7431341 27400441
26130893 37379101
14970859 24858991
9145141 18239899
4393931 2568529

4 10 6
2738 5669 2658 438
5207 3705 5632 8655 7257 8469 1050 7639 9098 5112
8168 3498 6193 685 7426 1398
10
13840206 6232130
30245956 35417681
3790890 11839662
24182484 11839662
13996656 26721222
2239056 42530776
68968064 7085100
38058004 22609092
3215560 13259820
27141120 7533036

5 6 3
4481 9627 7295 2184 504
4853 5632 6210 1563 9057 4919
8859 6779 3137
10
34902328 17838016
19562718 28493892
14285160 52650378
11402085 15430903
2479176 15223861
25236992 61397403
25622100 44217900
35884105 55014390
27827010 49893888
3700410 4561360

10 9 4
6980 9123 1343 2253 1443 8965 1106 2967 6357 5409
7294 425 9850 6433 7982 8952 980 8944 6083
1573 46 312 6568
10
43174638 305760
9892064 411792
2358650 25687935
78262560 32442512
65390710 668525
14419728 27338135
30922200 17600631
39453246 2793024
19242720 41404580
2701725 335524

4 7 3
157 2111 8513 2707
7477 907 199 5669 137 9377 9187
8581 5273 2417
10
31243 22204979
41974523 40879217
12289157 54010919
142399 64160137
16691309 4368443
1442359 722401
19794847 1049327
4091429 14464741
4519159 87012217
48260197 78833647

4 4 6
5534 7160 6965 7322
3772 3535 3262 3859
7618 359 2577 9777 9238 8879
10
3020608 9413376
24621275 35649442
26271980 32656330
27630440 32656330
12405921 23652729
27007520 1171058
28255598 8406174
45626562 32736330
2779840 3246456
17040579 36399466

7 10 5
1970 7144 3813 7982 493 7313 9785
243 5894 8697 1191 6694 848 9832 871 9525 2400
2576 5316 4454 8106 1478
10
942480 33597850
6768736 24536400
29631640 3079505
5730381 7418664
19369040 6331356
62131368 25327232
27278211 68365440
4287621 2243696
65500790 22403472
8380664 383964

7 8 4
6942 9146 3257 2934 3686 2214 9757
1322 7897 1850 7320 6143 5282 7354 5030
4222 9283 7189 8453
10
18023562 42518590
16384050 23261504
11136420 56771533
20007751 67951560
23841240 31048588
27106844 5581484
41029228 27513192
40413552 20245449
53070584 5721898
19730 533494

6 2 1
1752 1602 4256 5947 7750 7008
1668 3110
26
10
49248720 50454060
4092108 40093200
16745748 27602250
11890242 54505365
2922336 80860
2922336 80860
11689344 80860
53879936 77830536
21794880 43368
4982220 43368

7 8 6
7759 3533 3137 3793 9403 6211 3319
8461 5521 751 1069 1759 8117 8599 5741
3593 9601 937 6599 359 4357
10
66719641 7927957
3776777 25013537
28628987 6686587
4549879 19533821
10157929 46363
16539877 56744801
42837439 4955849
4474663 39467107
3402073 9731357
79558783 37465843

9 5 10
1097 5861 2399 547 953 823 1381 1453 31
1721 6581 3221 3739 523
461 8681 2591 5807 2903 5821 2887 3919 6029 8527
10
5163559 1484881
20246033 2051351
16213 22542431
230579 2912549
722263 6744599
204011 32458259
4403339 25671143
335267 40459313
10185451 13297127
1761887 57129661

6 3 4
5674 3082 803 8132 5513 7613
5976 6511 6530
8097 6723 9793 8735
10
49568243 52873410
39153015 15117483
33907824 63948290
41472320 1478340
4501809 26964306
45495288 52719567
32945688 52873410
42520140 21596715
2118072 50633073
52947452 48387672

7 3 1
5495 1565 2830 7841 2391 6264 1698
5729 6764 1738
1774
10
53036524 3083212
4155558 10163246
18124236 20297472
50922378 1942086
5728222 44597232
2719970 10163246
31480855 3083212
35886456 11999336
32106570 85126164
19487520 19282372

1 5 7
9241
5479 13 9491 5581 1993
8731 3907 5867 3061 881 4261 3929
10
51574021 47837149
3458107 20092403
9622729 977579
18417313 21406453
46264709 4158593
12907211 32217613
50631439 48727711
18417313 39793
41740417 28898927
50631439 48727711

10 8 1
1181 5639 2341 5861 9739 7559 7487 929 2029 7549
7877 7333 7219 5711 3167 1861 7013 1669
8369
10
55430147 26504623
42758257 65922613
52506331 47795359
16986917 4806343
69859973 37485887
6425843 61369877
30852907 509021
25146883 32003893
15957259 45790051
15982433 15574709

9 8 6
693 1051 1865 8192 8351 736 5264 838 3631
3602 7831 6822 6546 913 1690 2434 4783
7949 3662 6363 5452 4367 641
10
4476213 1789263
1631359 25732978
12542040 6717564
2651072 29791674
6717730 52034154
5026933 28677122
6892320 29999160
13844480 20887361
52661950 27575820
959563 26076916

2 6 2
9767 8447
7129 6101 3499 2381 199 6163
7333 1949
10
23255227 12011687
38397319 81121273
24005 56596571
41955169 45072827
1943633 25658167
214343 17265043
20112307 11890849
52058861 387851
29556053 13894421
578761 42806213

7 4 3
9467 3307 6689 4093 3767 97 8839
167 2447 2671 4327
2393 863 7757
10
629089 20718947
22607801 11425529
16367983 1295419
25640779 52001927
10015571 144121
16199 2111761
10015571 6391703
44259491 24010081
948509 65531
18742697 11407441

4 9 5
1289 3631 569 6299
7477 1877 6007 5279 9781 1669 3061 1811 2017
3677 9043 3671 4637 4759
10
36307933 3871897
2599913 14193857
11114491 6126899
2419453 7739153
8039663 1207337
51396557 11117837
4717423 171839
12705083 7942771
18752873 2798189
19281239 9352829

10
38494430 3342689
22987120 7036740
23860040 9184248
25106025 4446222
23745364 65570976
22179330 73005100
26988660 11961510
37669950 32513166
71631232 23565680
14158501 2378775

5 8 4
8933 257 8069 2371 5101
6653 4093 3821 8971 739 457 8693 9689
6899 3329 2111 4289
10
11302883 48782297
33936953 5098361
981997 1560029
5962991 26361079
36932309 20234717
14092181 16868057
59431249 1960073
1691021 1436317
2305547 14044483
78297209 1640047

4 9 2
4133 9473 23 8123
281 2221 9277 4051 5507 9733 2113 6521 7499
1181 7717
10
51083 10956137
172477 11494673
58228039 28052459
1161373 2495453
20976029 16591849
9179393 4784231
32906273 8856319
15997837 38743267
4492057 11329033
2227829 33381307

3 10 8
7579 5818 4669
2070 9788 6476 7806 3584 6472 7560 339 9456 9777
8983 5896 8778 6910 9501 9552 6887 2640
10
12043260 25840320
20712090 14077702
37654096 89841456
59179848 9994488
16785062 2039479
45648813 84943248
24263360 2290113
57297240 55752576
52172820 51126544
44150064 67559070

5 4 7
1538 2994 1085 8552 8601
4912 1893 1762 7386
4018 6039 3694 2728 8286 5474 9333
10
7554656 40430964
3383842 36326328
8013810 10640718
5329520 27283884
13207500 61400087
16406082 5233250
13441350 37130548
15068624 27283884
58867074 50349860
42248112 10362282

10 8 4
8051 7749 8701 4256 1731 2185 6855 5979 3300 5815
4737 3010 4232 1342 2571 658 1366 4835
4330 3512 6508 7401
10
3844412 14013258
13141830 924000
20160672 2310896
1138998 19027971
9199410 16636344
23671755 66293832
9093033 30632742
9246920 8733736
12114990 9644346
24609080 2310896

4 9 3
4479 5267 7332 3161
4415 8558 67 3318 1743 4585 9265 2084 2844
1744 3064 2185
10
11313560 47285370
8852928 13842080
24327576 9646775
7806897 7996240
2282616 30685130
23253805 7249830
12738276 116848
42421104 10656188
12738276 14925152
3186444 48207256

5 5 4
567 2581 3966 4345 5317
8240 858 1643 3261 558
8628 7902 6306 7389
10
28623618 21111960
7138835 5410548
36896968 25267806
4240583 6339762
24336936 17614890
25240 37782126
7138835 3518748
3633000 4064360
8416641 51961440
4240583 25768422

5 2 9
6427 3251 2621 9677 3037
3847 2381
173 2339 9791 7853 9473 5147 2729 3833 691
10
12506597 411913
11755607 279491
37227419 12255007
10082987 1645271
7231097 8998133
24724669 6497749
1175851 54437897
28754171 52752229
5337593 7578433
14974009 26933411

10 3 2
9279 6487 2539 852 4172 3522 50 5452 3222 3955
6659 9301 2814
7375 12
10
68431090 75271597
80732615 20797284
36785455 79908
43196933 111612
19570210 9705028
8509729 25821755
465050 49110125
2797715 8291948
32758122 33768
15341928 68594875

2 4 2
4089 3818
7897 7618 8275 1827
8038 8361
10
27622209 24305750
31150002 66514450
30150746 69187275
8907041 15055986
30150746 63694098
50118804 1194732
22683270 13050660
14825800 16202325
6975486 66514450
6975486 66514450

10 2 4
8117 6761 8707 2729 2971 2111 6779 5413 4441 757
823 9319
4211 6229 5107 8693
10
2445133 47592133
60124111 31827091
6680291 58048051
50443747 4203061
63005759 7154339
2385631 10217209
51937219 11140991
623011 39242309
49777339 15672991
6641017 33357817

8 4 3
9152 2408 8036 8533 2870 400 7879 9975
5512 3460 2338 1470
3536 1273 7245
10
31665920 19490432
3539760 4404580
7290768 3793718
6974976 6308320
11158225 18547614
75341232 10132989
6710060 7016776
21397376 1871310
19252674 11709107
13272896 16938810

9 8 7
229 4091 5233 8663 5839 4493 4243 6599 2383
6067 2417 1093 7591 5879 1867 3257 1621
2081 2069 37 8179 8147 3541 8461
10
34106363 49427849
745853 20817539
32660059 49182593
5759711 8939647
7120513 21858169
50093009 13206287
3673247 9444073
22153793 32484929
14633701 3870313
28559939 156809

1 10 2
6043
229 7433 8731 2879 419 5 7681 5297 4073 3187
7 1019
10
19259041 37079
28723213 10843499
17424461 2473111
32009771 2933
44917619 5095
46416283 7574227
4518677 26407417
16044697 10665211
17397797 2933
23017591 9882569

6 7 8
2707 2791 7607 4877 3373 101
6703 211 3881 1993 9161 5813 8719
1439 8929 6779 9413 6469 443 4129 8059
10
6722389 1700449
23527487 13989499
42522563 5584759
7230823 1419581
6231931 266011
15866063 88673461
4302647 38358479
29409187 63095339
711703 17795497
588901 13510547

1 8 3
8288
5042 9625 244 4179 1596 278 4722 424
9977 4620 7926
10
950400 1584
79772000 4230248
39135936 1958880
21662242 78115880
79772000 47111394
25301100 51762426
63276006 4352068
666444 45159968
41788096 7373520
13227648 41693883

6 3 5
8093 5281 3299 6581 491 2551
3373 4973 8839
4951 5939 3533 6361 6007
10
2441743 31228187
12686123 56224879
103777 49679557
2441743 11916809
8323607 16342153
19711057 598699
2441743 52494821
42264979 32471077
13506781 8328077
8604523 53095873

8 9 6
3876 4086 9632 6748 260 5064 8232 3498
7554 7111 3265 3575 9924 2867 4018 1548 9682
4026 6319 3540 7849 9977 1982
10
59796990 19617026
1044680 19669368
17906490 7501896
1848860 12150252
37527432 5682394
26423892 9781812
95587968 32574905
9931884 7873284
92008 25375143
33053480 25820652

1 7 4
2383
7643 2161 1801 6211 3463 1103 409
1867 223 479 3851
10
3132091 7333181
1002697 10341101
5149663 23918561
18542519 4688891
14800813 772249
2628449 6465421
243611 9001123
19533583 56105561
14800813 91207
2628449 481903

6 6 10
6599 3519 3222 1268 5362 7417
867 2115 1474 6423 2707 7698
8954 3174 4853 3363 9491 8092 4997 6138 3393 1152
10
8721954 13198196
36055208 27572580
68111588 5280792
20694906 2915721
46462608 23467153
10932658 21600549
42385377 13137071
26073927 11632950
17406232 21223716
13956885 13526879

3 2 7
8307 9244 4572
8506 8550
7517 6981 4363 8019 449 361 2151
10
71024850 59380386
14537424 3810867
60489521 17646740
81869193 13223574
44757713 1560438
39090600 59380386
4557228 13092128
79036200 37111678
70659342 18391050
79036200 37111678

7 8 2
8418 187 7274 8625 3932 9978 7466
7564 5551 4221 4692 5720 4246 8644 4872
3683 145
10
35532378 615670
42366588 829400
47877375 615670
10798840 36593582
64536104 15545943
17557758 44006940
37293291 11148322
48150960 706440
47680056 31515110
46018032 41323362

5 6 6
8664 859 8840 1892 7903
8862 5116 7339 6271 2762 6379
7318 6166 9195 2993 3510 6217
10
21828086 37438888
44325024 64852116
7612458 25759890
299754 14463693
5556613 5593968
2372558 55095054
12004352 22421300
54331944 17957160
6157560 22353920
4489560 12166203

1 10 10
9352
674 8736 157 4332 8995 5958 4127 8998 9263 1924
3910 9245 1382 372 2368 5120 5072 294 9735 1529
10
55719216 10258176
81699072 7522840
1280400 233172
81699072 3347256
2383392 4802928
917504 2901351
16113816 23101520
7176312 20052835
40512864 7522840
81699072 613870

3 3 3
599 3767 4933
8269 4027 5479
947 3511 6091
10
4953131 19236769
29880199 19814441
29464397 5065721
40790977 3813569
20639393 24528457
5484959 3175201
7454287 22252843
40790977 14138797
850601 11471461
40790977 33372589

1 9 4
829
2223 7459 4476 9236 1179 5549 3998 1257 9144
3500 2016 997 7731
10
78265856 33848984
3710604 18619776
37076064 7552716
1042053 71403516
1042053 30908538
139584 22039468
6183511 30908538
7236747 62649225
16282305 3456792
3314342 71403516

6 9 3
2726 709 3302 1509 2510 8238
5623 2692 300 3612 9702 3371 6096 6880 1974
761 8808 2513
10
18754880 4960662
14640318 6764996
16614372 33589350
29755656 5235680
15544740 2383392
2390039 1502214
66485760 27760
15300960 4960662
18815023 54505990
136899 4856694

1 7 7
4686
4771 3693 8542 1909 9478 266 8235
8835 529 224 4772 9615 2264 9714
10
8945574 40762424
17305398 45873165
37086357 77174562
8945574 22767212
29594664 16948488
40027812 18644040
15025743 33335526
799456 16498944
41467818 7304830
40027812 1009861

9 7 2
2184 9545 5966 4807 5305 1643 3897 8346 795
4174 9793 6787 4743 1060 7328 6730
3336 1365
10
61573275 6694875
14698320 1446900
22799601 10002720
13757007 18209361
4130820 24446208
6323960 24446208
39720100 25552606
25161615 32669448
2661102 7510272
63592464 45071488

2 9 6
2837 8147
3767 9067 971 5381 8291 4597 1459 9257 997
6679 431 6911 1759 997 2647
10
71810867 46971467
2828489 9039799
63733981 16541639
30689749 60558493
26119801 7436167
26262109 30703363
2360837 304103
11026157 17528057
67546777 1707989
26262109 21946277

5 6 5
3421 5850 1125 6403 9682
2563 3506 8885 6093 2223 7348
9543 5382 8582 3044 5280
10
15310506 15948702
6287320 65823354
22448918 13532640
8266500 24458709
47049244 10672264
33945092 76251070
5841680 6505191
71143336 32792526
3304784 2140560
23646504 26687647

1 2 3
5
4 6
3 5 7
2
1 1
5 2

6 4 1
8270 7706 7906 7352 9175 474
5952 9128 3965 5789
4946
10
47875030 45147088
31347290 29438592
35358720 55715788
5165440 93171945
32790550 45147088
75488560 28632394
30554290 45147088
11811186 1264572
30205624 9799136
44265705 12807406

2 4 3
3659 8861
4657 2237 5657 3917
8527 9587 8753
10
59958781 10636303
78566011 4006433
17039963 21446119
34708537 19074899
9037 3598321
20698963 21446119
33043993 15268501
50126677 40762721
32504029 6113651
34708537 49515721

5 7 8
2309 3643 3518 7005 4237
9399 5983 9937 1491 4739 6255 8734
4466 1363 2612 1325 5420 7782 9966 6645
10
65588380 30734243
10444455 25955444
32807242 35134515
42103069 12810837
16671802 44378642
61181670 73143018
69608685 8525565
85848152 21511875
80556879 44065896
7163585 38416170

4 4 4
8929 9109 137 3907
6829 3779 4597 1019
433 1381 3847 9049
10
629789 9430849
12357311 8689717
18140483 2344007
34422911 6348457
9098651 1636307
7838777 57517007
160261 13654891
14764553 1990501
5207837 31457791
26680903 1636307

3 3 6
5349 3050 9766
4847 4066 5696
604 3267 44 5744 1295 3640
10
14783350 14800240
4244226 8969737
42821032 10422720
14783350 178904
7454988 24902640
60945762 14593216
14783350 178904
47335802 13283622
39708556 27841168
19237336 10346895
