100

9 9 8
4813 641 7949 3613 6379 6911 7 3253 947
3461 5653 4139 2953 599 2179 9733 2687 3539
797 2549 3917 9109 3307 3389 1933 3673
10
8235179 12756181
21568073 32063627
1316027 16662749
4910839 17150149
39571 6840887
27207889 1736663
4139689 11993671
383959 4505441
1220603 30845951
5353391 24475883

7 8 10
4655 1530 5068 3067 9571 1338 6636
6440 2934 9228 906 4085 7963 4169 5242
1103 7205 2192 6171 1217 491 3330 257 8377 2591
10
8998578 20227776
58544269 6976800
61637240 32348382
17112537 27623820
1222080 597360
1386180 17454896
19406695 11230476
4513928 3859108
3945105 26329782
19470024 46400200

1 9 10
8455
5298 814 8150 2942 327 8775 676 3462 4815
9884 5135 849 4771 1696 3367 8875 2754 7340 8176
10
74192625 13822400
44794590 80554600
67653135 6725912
21821778 20646252
22865640 2804480
29271210 26110250
12682614 5478132
3205304 2513840
5715580 3883594
5715580 1380544

8 9 7
947 1277 6841 8501 179 8231 1997 6553
3967 11 8713 9227 2887 9349 9833 6101 7253
1259 6863 5987 8111 4139 2089 6269
10
532799 15238417
5642339 32084909
72083 58829083
5408009 2072237
49617773 89221
3686699 79755463
3192853 33903787
38377541 32425181
6868591 16419413
19636501 55972463

6 6 5
2268 4862 5389 7597 4234 475
4730 7819 6884 3726 4991 1916
861 1820 3936 3170 4833
10
12356280 15854616
21131894 22860090
49970212 48220195
59400943 6781320
52297748 3208086
8112344 9083620
8215285 13470310
5579470 8669900
37916627 14665536
3538941 12719240

4 5 8
4890 9965 6632 407
3824 9008 4838 253 9597
8239 3723 8324 3489 9768 8470 6027 1313
10
95634105 941919
31105648 19703384
89764720 23047248
55624338 21506220
25360768 31428912
3905979 18011874
11701156 6278683
1058848 4320150
1793220 6175117
46929330 2105972

2 2 1
7262 9234
9604 3447
5405
10
30247083 29250864
69744248 18631035
88683336 18631035
7325496 8983924
31829598 51909620
88683336 18631035
25807686 7105824
9708125 13713216
43513792 24883700
25032114 51909620

7 3 4
1460 8305 4006 3792 8138 6236 3376
3926 481 3916
5646 6224 1866 9345
10
5731960 7307256
19048150 38139144
3914378 22166196
5731960 22109736
36505305 46345446
27963060 2277964
32522380 22166196
9504462 53572525
1623856 22166196
40942461 14967680

5 8 1
1143 4528 561 1114 7012
361 7827 3540 7131 3039 5493 3766 6734
3849
10
1985940 30126123
3943560 30126123
4042467 2949422
3641498 79985136
79633665 1194390
6119202 25919166
21511980 7831424
79831184 9021558
17052448 27447219
54882924 14495334

4 10 9
1283 8887 6833 5507
4751 8243 9511 8087 4289 827 8293 6481 7507 2383
7933 67 3769 8563 3593 1151 4603 6961 7529
10
1994071 88541161
44535109 32291881
64988663 65391719
1711 33107743
903853 1555303
32095117 546883
6196573 23093687
71869169 9487693
51295331 37689683
10639919 81442693

10 4 5
2161 527 4298 5941 7860 4093 9697 9528 1422 2107
6136 3965 9556 5519
4772 8342 7242 9193 7189
10
52585032 33076030
32788379 29280992
16228745 39968598
366122 16834902
44669106 53221432
61109106 54955372
7848018 69204552
35894178 29185926
37778520 69204552
508860 19903023

9 9 1
3907 2543 7589 6197 2287 2819 8161 2741 727
7207 1669 6451 1567 1009 3607 8839 6101 8527
7583
10
35938277 21176191
11891963 27351881
23372507 11882561
560971 29481523
5699327 569489
13423393 41305181
23836607 54650681
13952987 67026137
24917141 46263883
3561277 68806337

6 9 6
9785 9994 2370 9684 9963 8075
9261 1802 9004 9602 7545 5123 3010 8592 9645
161 4383 5797 8457 3477 4749
10
17953326 17448970
12141510 40803408
11133868 23222979
73827825 32200497
72707300 33069735
20363040 29698031
3613400 33526272
435000 91159810
28356968 34335950
33921875 32039150

9 6 8
2138 873 4773 8813 4545 1142 8949 6423 9966
8343 776 9945 2668 7473 9321
7029 6778 5954 4071 5530 4805 6680 2728
10
82145973 18083704
56896314 30459176
7283439 25427688
13330770 3108105
35418402 10256827
21262410 3728680
8019080 26984100
26589288 47785725
15966280 4289780
8681985 4620304

10 4 3
1297 101 599 7741 2753 2801 6317 6709 4817 863
4831 1433 3823 9613
263 1493 2713
10
4257887 137281
13531631 10371799
37396771 5707739
387367 61410961
97219 622169
67375519 2570707
10524719 13106503
32411179 14352209
37396771 14352209
3096211 48311647

10 10 10
619 7073 3826 1212 2603 3760 7804 6740 6195 2215
4800 4770 5867 5996 3806 3987 8946 9405 5045 8303
1558 4219 9485 5983 7794 5756 9484 4702 7136 4682
10
13132135 9140786
15449660 2861704
2088171 37107327
51437085 73302570
14440361 29921016
26919838 14652990
22544960 6211746
12712875 495300
11086396 87599996
20832075 17819692

10 4 7
9589 5794 8165 2195 2139 5098 7468 9828 4592 6671
8745 3093 7423 9631
4211 5711 4473 361 9118 3376 4723
10
2420685 21993396
4809164 5272436
71402925 13834989
60608795 29523120
83855805 55002641
31444847 17787
17304840 31757159
6615927 45487213
10643724 75123047
43008862 3156945

9 9 6
6715 3362 2884 274 9854 7304 8043 5510 540
8666 7390 9280 9395 2716 5408 6597 7116 2825
799 3667 4693 9577 7009 9208
10
19025748 19800425
1481792 88874560
7832944 85450240
28139760 20723703
5803194 35338888
51183790 31103544
67781120 65849555
3431440 13156444
25494084 87438100
29798080 65849555

5 8 8
3540 3397 7116 2696 5160
5357 4916 6040 3326 1858 6050 6601 9501
5650 2781 6547 4372 6263 5823 4390 5692
10
74598029 64664600
22423597 21775322
22423597 35072279
16699652 26515600
29041272 39513110
5716256 14744100
4151648 1788480
43051800 26515600
22423597 62203047
56489400 3283434

2 2 4
7393 7001
733 9161
6131 8447 479 5953
10
5571757 93970391
5131733 4388119
26470163 19902143
5419069 4388119
12472769 1748983
37393553 8396659
67727273 6191651
64136161 4494023
5131733 4388119
29478389 27736327

4 6 4
8636 2550 4672 2018
6925 8745 1179 3898 6986 9803
1277 733 3466 9729
10
31272354 33363024
3621004 3335486
39548304 1183977
2379222 24002050
18736516 51294474
19782454 67373325
24997650 4086414
22299750 67966794
9066120 46386496
5508288 24213476

10 6 4
6473 2909 5813 4421 5023 9811 4933 9059 853 3001
2017 9343 107 1493 5437 5099
929 9041 8191 7703
10
10131391 12229163
311263 8679647
692611 16521247
6339731 15752329
84638237 12229163
68222159 40143527
1631449 3752173
1273529 41881211
18421391 39410447
19743281 32987863

5 6 3
8479 6507 1623 5033 6308
2492 5716 1507 5120 783 3021
6916 5681 7542
10
9506156 5905386
15719536 5415228
9806049 38615040
29714776 8800785
3907640 20809068
24396504 8052162
15204693 17234672
55698444 19526409
7584731 18794664
3677100 39504465

4 2 9
9689 6257 9133 6689
5189 3931
83 9293 6521 3079 1129 8419 6451 3583 3413
10
32467573 4438099
50276221 36530783
21915461 23765549
32467573 12103549
32467573 33095089
3355981 9104387
16776359 57052159
21784141 17215277
38087459 17710057
812321 19228043

9 8 2
2420 5513 6371 3206 8254 9780 8089 8751 8591
9573 8473 5390 2076 7134 45 5539 1362
372 8648
10
18167076 82787304
30978784 34018994
34166664 3116661
14151000 7498530
17280340 73274504
5303748 13285260
16314714 1692279
27164438 506664
108900 46612720
364005 17953248

2 10 1
2803 877
4481 2837 2953 4073 7213 7907 5623 3359 751 4643
3947
10
7952111 16076131
31369847 35985757
897773 3708379
27683011 10234121
2488049 22193981
40141 23088643
6934439 11655491
13014329 11655491
6709343 47702327
3572021 2964197

7 5 9
9453 9847 2490 108 8110 3988 7183
7737 8372 6741 9890 3224
1465 8305 3253 6154 9465 2103 5750 7482 3242
10
8650260 3649065
8027760 27142024
89410665 6801886
10866537 6914880
76186239 62639304
73137861 73996980
1653642 39195240
28071940 19458478
33387536 32172170
24626100 24121968

8 9 7
44 8057 5054 99 6092 8617 9058 5328
6207 6819 5451 5103 7004 3582 801 1491 3934
752 8251 2885 5739 1158 4006 4497
10
44530904 60462252
9083172 5127888
1441020 1764000
32752720 1083666
693396 4555572
11756990 2087400
54753336 34010415
4267728 20557098
46971267 27316914
58759323 8110632

5 3 8
3913 1438 7612 4811 934
3043 9594 4880
5982 6898 5205 6107 1254 4189 5590 9989
10
65317896 15683724
14639873 57391308
60206720 10362015
73029528 27279200
23477680 95834466
16492608 64854300
59870226 23158240
4375834 48746320
4445840 6500304
14639873 29192160

5 8 10
8927 806 6597 5799 2054
4648 6258 7725 1536 88 5579 6403 2490
8536 3591 4085 8474 8577 1412 9056 4833 5293 8282
10
40502583 3191450
26085670 9116064
24958989 6022900
6208010 4072660
11459266 20622180
13711872 359480
42240591 18987080
30662856 31556625
57159581 37334925
15178150 45775885

7 5 3
2320 4978 5685 1786 7029 8114 1782
6936 2384 9577 5624 9389
9810 9759 5499
10
53567976 52873128
2255706 15740379
31733220 12280282
39431160 52663923
16091520 52663923
22218640 23387040
31972440 68042160
8670250 11395710
10912930 2893995
10044464 93950370

7 3 5
2598 8123 7782 8673 4720 8380 9432
8916 9445 3722
9936 3356 7219 242 9649
10
3458004 2231056
1449984 1147146
40269000 15895235
17567840 68183455
31190360 2157672
62803176 56882840
7373597 29549289
81916485 900724
24538110 29922096
73500990 36981792

9 8 1
5498 5029 8917 9328 1444 4910 5909 3425 4978
3498 5169 3880 3406 2217 4221 7558 1629
4949
10
7593225 25581381
16723460 20889729
7639884 35763336
14269437 7064466
3033240 4718007
37623724 25581381
1280742 38808000
19512520 37404542
70501024 17311602
16415344 17523792

6 8 2
307 8069 1783 1693 1459 4973
6691 3733 6361 5303 8369 9547 2689 4057
8009 3259
10
26499691 2398897
6868501 20730499
23140867 8497831
13554911 3555631
8977979 50945249
7560281 19527071
10769173 17282477
6655939 21805969
27756583 35915119
26371819 13221763

7 10 2
7187 3877 3041 4643 8849 1301 977
4721 2063 7253 4591 4871 5573 5347 5417 6343 827
5399 5419
10
41966989 60678829
34472903 10711451
807979 26395949
13961231 25488679
2015551 34245857
7250473 4481513
1062287 47639957
2514907 25583099
5333561 860207
2177251 13309979

6 10 2
5713 4279 5505 1671 1060 2692
3245 6250 9602 3901 284 2320 6084 8318 4800 9792
1282 4694
10
71585772 7231873
17030064 37913280
10443750 45963648
52859010 15232030
17863725 364088
42427600 39181968
8602454 53103168
5088000 4160090
48322120 22990878
26743750 45071788

8 9 1
7690 4866 9968 4610 6387 5955 2048 4450
3392 7539 8745 9788 8648 9179 3611 5608 3297
2005
10
7179872 7688352
94150716 35706786
27179950 54727700
70586510 15115695
77930229 316125
17298544 147177
7395328 17533725
38483600 18403895
47628408 18403895
43556600 11244040

5 6 7
7281 6572 4569 4678 4437
6856 3720 584 405 308 7834
7206 1603 1669 591 3597 70 5013
10
16505640 2100648
20836662 15601960
24447840 182028
981845 5982412
71544416 141720
27085320 1544004
27592108 4084250
1407252 675945
31325064 4208304
10506132 9443136

4 10 2
1097 347 1571 1061
6907 9137 1153 7817 2963 4871 7621 373 1523 7309
9551 7103
10
11972591 21046189
2396729 72788171
8085881 51915827
8571547 13285873
2591671 40612321
24828667 61532491
1519367 38096543
2396729 28299613
8360237 49060421
10689529 28072217

5 6 2
4979 9782 6670 5045 7062
1889 4360 9049 4047 4477 3973
2433 9369
10
11077781 50671104
21996200 37916343
75438622 32624514
42649520 41945013
22114250 16622316
20417115 10607880
63904038 17698041
63904038 10607880
78197710 9338714
15487750 29105858

6 4 6
9769 9413 7624 4309 9819 7454
7234 3807 7219 7844
4513 6287 4467 7537 6483 8983
10
587574 22305300
73835572 23934609
11574018 11754225
31106671 46898022
51463872 45569102
64990360 932502
58469176 32579347
59802656 54522658
31106671 54522658
19591204 49182496

5 4 1
2060 7262 3138 6354 6923
5280 6819 335 2973
2815
10
16568640 19195485
16568640 19195485
36472412 63425488
21398022 943025
35745764 26162928
47207937 943025
18907378 8892525
14656600 27989988
6124380 19195485
6677664 497552

9 10 9
6959 2659 1439 3019 3919 5023 2333 7417 6421
1249 5653 8087 9013 8573 5333 9769 5783 1201 3371
3137 5897 1223 8429 7187 9721 2749 3733 4159
10
4894831 32003009
51930031 18354499
2125723 22974269
9263833 37485067
71434213 15616253
21618797 61930873
10467439 3993131
15031327 70209803
13491739 9890401
4706719 40629271

9 3 8
7927 9781 557 3851 9661 5857 8171 3769 3911
241 6263 8719
1619 8287 5669 3313 2287 1609 151 877
10
34100009 1366229
51174973 19940353
2282327 13422919
34514323 47706649
942551 14323481
11814377 4043783
82783 38425883
69115513 10077167
84234259 35504947
4131991 16136569

4 4 5
3538 8148 8541 1915
1962 3642 3364 4712
1630 6725 6711 909 4347
10
6442060 20483064
28731924 13194450
9158724 26191552
11901832 20483064
34060364 70337278
208496 7233278
9023480 22622900
5171859 13906950
9023480 1783458
20128745 3138135

3 5 8
6793 157 571
7333 6311 5147 5417 6047
239 953 313 1733 9059 8803 1433 7019
10
4187143 6014383
42870623 1892711
34963571 1892711
3603581 1752587
878809 3293599
4187143 8919751
10010183 13118803
86068187 7747253
2392543 4635199
814123 5129009

1 5 7
343
2714 5667 7878 4680 2216
5203 5096 2960 2875 7819 3135 8989
10
1635504 62829008
55572516 7129824
6127275 52575168
12251820 23870496
760088 14671800
2702154 24350040
1605240 29485401
26675745 20724488
2702154 6947160
1943781 6559360

5 6 8
1207 5350 7007 6150 9256
3999 1178 3395 5847 7200 450
6169 990 4526 5876 1110 7580 2759 8383
10
31424120 16131873
92124 45878886
37014744 2644200
55007414 1798137
51214796 6948984
14735200 16867875
40969929 28460285
21622113 20211460
21394650 28460285
24593850 1166220

10 10 10
4652 9206 384 7382 8695 170 7125 5382 1226 4154
7171 4306 7465 6658 6385 7033 8241 1911 9946 8097
624 3332 1724 9878 5688 6020 6888 3144 7299 6845
10
57691125 13162968
13766752 611700
3879337 7797975
10505916 94346420
27166360 65454732
406203 3198856
39641036 23893772
38594322 4388592
62351845 38437700
53188125 43705325

4 10 5
1988 731 252 1362
8288 1728 1564 6169 5637 1134 866 3301 9582 9303
5650 9271 8205 2274 5786
10
13422415 13557180
85404140 62043384
11025738 26956839
831852 16020288
88129113 44530590
2254392 76838048
1554588 21789468
16594944 12009956
19049016 8836600
1179492 14178240

1 2 3
5
4 6
3 5 7
2
1 1
5 2

7 8 9
6101 2663 8641 6737 5651 1931 5981
2879 1721 6791 113 2741 223 2281 6263
2591 5443 2333 2423 1733 6491 2833 7151 3709
10
22960573 60563081
638563 7459489
45750967 195829
37459003 4015093
41431891 15175249
10214759 28961921
16678369 4169983
31872661 5003941
4417129 46380751
25731109 13474313

4 10 10
6493 1524 5982 5036
359 4227 5755 9415 6677 4221 1784 3804 2343 6060
2010 6171 5784 8338 2820 2705 7947 3998 9036 9581
10
15213099 7132432
22755528 85073940
5222735 4932382
9641825 35593992
11799348 10318656
25285914 60333372
31319332 13153050
56320530 26694646
4455360 13097357
9859686 29117220

9 3 9
7529 8291 9811 5323 1693 4483 5639 5233 1607
7207 7919 3137
6163 8713 1163 739 2087 8563 3767 5009 3067
10
38362861 3648331
26008867 29830873
48604463 544169
34072537 51968923
17689543 5852141
41440127 15713233
72189661 28056053
2470211 744509
19116187 38378609
37714231 68998247

4 5 4
8866 8368 5565 2130
3715 6028 1017 7266 8764
2040 1653 3982 8579
10
2121687 13563036
2004480 11643172
8510256 34898248
53444248 75186356
2624380 11417032
20673975 75186356
15476580 31870985
55037139 83410602
15582318 51748814
33545820 12010698

10 4 3
7701 1887 12 4726 3226 6311 3403 1790 1742 3202
7982 8034 5705 9107
5380 8806 2476
10
1340581 7129332
27162746 22548932
43934205 80196242
50702574 22548932
21833091 58273145
26961830 19892184
10211950 42943160
397782 12291612
33172800 11450315
83448547 58047156

1 9 1
1599
3222 2186 3810 3542 7085 1755 6499 6685 6913
4627
10
3834865 317044
11053887 10114622
19673388 4396680
6092190 31986451
77540643 5104505
24133350 38502646
3127408 10106180
10689315 16388834
11053887 16388834
11328915 14908194

2 6 3
9829 9787
9473 4357 4211 4099 1933 9467
5231 743 3
10
67930123 32668483
28953307 48158119
42824953 12633
18999457 3237251
42824953 5799
30452479 15780971
12008947 60281
41213057 49521877
40116913 1436219
5094251 9087623

5 6 4
5426 4761 7222 8684 9414
7831 8759 3600 1375 713 446
3455 2336 6642 6840
10
2484600 67394775
6191692 23911200
29465205 56977580
3394593 20461024
8780688 16267320
15430002 47320608
5620485 69159609
73721034 8409600
6546375 23911200
3873064 9405000

6 4 1
4789 9421 6637 2053 3637 3221
2903 5273 5197 8971
5903
10
42962119 17136409
6933 11390429
9376903 3334259
13902467 52955813
34492489 52955813
16984333 52955813
42962119 30677891
33364963 87119261
61243667 41502221
74576717 4238921

9 5 4
6311 8669 7489 8191 829 3967 5821 4969 7687
1321 4831 1103 3967 2309
1217 3313 6257 6269
10
4004899 14475121
37398281 555809
8478761 16005103
32493697 16005103
9034673 16005103
24795269 5577181
46712671 32829449
6903551 2836957
36179359 8265497
40706537 31645661

2 6 5
4021 8863
3541 9337 4391 8867 13 9871
4561 5113 2273 8597 3943
10
38917433 34962581
37544077 18105133
1048997 87405859
1689433 63690607
39691291 76229599
1520993 32263031
37544077 16150501
38917433 21223001
15215471 7866581
5188657 59716103

9 10 1
3049 379 2897 4327 4493 7933 647 3881 71
8039 4481 7001 6983 9109 6871 463 2707 433 67
2221
10
13011701 21750137
55396139 148807
22698233 32352979
20229751 148807
8703647 43010603
11713189 1028323
1450121 34889123
1411687 15549221
27669937 12581999
43349 961693

1 10 6
9618
2079 6187 2652 392 8831 4832 1202 4640 1508 3635
4671 3331 7497 8324 86 234
10
75168 12194998
46474176 12387492
64372 2813655
11560836 178794
84936558 281268
19995822 5614542
46474176 352872
16189767 72217812
34566399 37989066
46907124 1301696

1 3 5
6690
2270 4759 8388
3409 434 2173 236 1748
10
15842656 8472776
452144 4898720
15186300 3640392
62518388 26871776
31837710 535720
29947596 25611984
56115720 1123124
54285660 73515888
56115720 1123124
56115720 535720

10 9 9
6788 8835 2157 459 8497 1355 8972 5746 4863 2240
3817 8619 338 6075 1436 7795 190 5157 5061
5786 8665 3855 5958 1780 567 7872 3612 7887
10
21425997 88685520
1289720 13787004
30253050 1846680
78169860 45000144
9747568 49869534
21681335 5935248
425600 13787004
41237100 49869534
13608000 12442940
988057 30263946

7 9 8
1291 9787 6421 4357 4523 1039 8867
479 1019 5381 9733 1931 3457 9461 2089 3271
9871 467 6451 1549 5791 8297 2843 3847
10
21003091 13299079
1960031 7562593
391513 59280047
52663847 19060901
51961087 14696599
1021739 18199339
10112587 93389531
1058741 93389531
42091579 536117
20445043 10058549

5 2 5
6421 8929 4481 9931 6343
8317 8629
2081 6977 1877 9397 2273
10
54733747 17307677
78200711 4184267
45807109 14113123
55406809 18904541
54733747 78154849
10874257 45043787
2383181 750887
10645147 6689461
38666549 78154849
53403457 16196633

6 9 7
4381 9740 8559 4739 5246 1595
6825 4978 8155 6227 5887 3540 8426 8615 4841
1202 7061 6347 4248 7208 2728 5335
10
31496931 5625072
13516989 7204470
66475500 16059736
13007225 28992600
40826485 7484854
45194290 20564568
35803950 25826735
2724176 34790202
22333544 10933740
15276375 22651488

1 10 4
4783
2153 67 6329 439 739 1567 7573 43 1039 761
499 3607 3617 1979
10
53304331 1013351
1972843 8744753
10530217 2608999
60251117 31834661
29347499 53159801
10297799 219061
7494961 868781
2099737 14986967
36221659 22891993
4969537 2752537

7 8 5
6236 78 6504 4012 5922 7324 9995
9581 1683 9423 6050 6316 9947 5765 3743
1268 994 1073 4524 6300
10
12326292 45000228
775866 36319500
5943420 5204535
3817912 25265400
60006864 37554504
45516792 45435522
734994 43344444
38438972 28573584
10068112 45651816
42222860 39790800

9 2 1
829 4597 5113 3673 7297 349 2749 2897 521
5441 4643
3371
10
18680359 14665337
3849047 18341611
33879971 18341611
1620407 18341611
17053739 18341611
4034551 17927461
22812469 12149999
7890781 8501747
23739659 18341611
659809 11923567

6 9 1
1583 7873 7351 19 2999 3947
1129 1567 6421 2579 167 4021 5563 1019 7559
4201
10
29773 23370163
2779523 1748081
31657333 10834379
1227617 4742929
2338649 1982963
11838403 21856819
1068673 4194667
10164443 16892221
35189533 70447249
29835373 4280819

7 6 6
2983 2089 9865 5226 5243 7758 1905
438 3762 9654 9436 467 1655
3531 7391 234 4294 701 3284
10
14919914 75950808
3622986 34088274
5431725 12615148
4320870 41454276
1230984 25210702
14164920 14630504
13679712 10331880
1393061 5435020
889635 102492
95236710 387270

9 4 7
1934 7907 7376 8701 265 4979 2639 159 1768
9206 8639 5086 3777
1451 1070 2546 7438 1312 6270 6461
10
808674 57721620
44253286 21994894
15524990 1644984
43013581 5480427
15273752 5480427
3982913 31867044
32175054 2475252
12304340 9190832
21554208 9561693
13421954 12535189

4 3 3
6190 5141 7374 4565
6050 6371 3102
3171 7303 2188
10
19960497 14091105
8260000 11435802
19201380 44183150
10756356 21118409
44612700 22653906
39436490 44183150
9303525 27797700
27618250 13939748
19201380 46527413
3166262 30631215

10 5 8
1338 7173 8406 4459 1665 3750 505 5910 9320 2122
5241 6620 5128 988 5607
456 7556 3650 3480 4009 8457 3585 5388
10
155104 18967320
3343100 39600996
5839080 43367496
11145765 7432980
42427000 43394700
37593693 42366492
1742700 8061466
62151875 24415680
29518580 3960892
2831535 50020720

6 4 9
167 2214 6277 7084 6211 7343
6001 1817 2770 3654
8684 9018 5140 8980 5623 8155 7823 2303 6451
10
25884936 6379310
14348640 22733502
7085918 6121240
37272211 4184551
6704952 3114514
1002167 14214391
462590 53888980
22694994 30845140
83937000 89356280
67142250 1529924

6 3 8
6867 3044 9897 7977 2426 6010
9119 5088 1192
1168 8998 8519 2569 772 3641 3462 5510
10
34939296 4340072
592668 43236675
27758236 43344672
50355936 4340072
30578880 6567920
49188279 728222
2408120 4012125
67461579 1261500
30578880 82052762
29494688 1619760

6 9 1
436 3451 2735 6769 5226 7672
2919 6730 3379 5294 1210 7927 6546 2005 6941
803
10
585222 21577920
2939167 7750105
1174180 73623420
8190490 2343957
2854056 5573623
53657863 2713337
29498989 21903297
665048 28599475
44309874 6365381
34209396 5404190

10 10 10
6907 6701 3221 3083 607 2287 6247 1831 8803 6277
3889 5939 281 1657 8807 3 4523 6907 353 127
3637 5479 2467 8147 6301 4513 2293 2999 4649 4093
10
13540699 27075403
646343 32539781
646343 10371239
6353183 20889919
3789559 1150133
94111447 22266869
4550089 18491153
3050501 16556819
43148029 26802707
37100933 39745991

4 7 1
1007 2237 923 1996
721 7789 1326 94 3846 4196 2108
1066
10
4323054 2924
210278 2247128
1223898 2247128
5662440 37695963
7189247 4099836
34968774 47643114
12282100 3688802
4225372 8303074
1945684 1413516
72971780 2798466

1 2 7
2499
8577 9831
8710 6420 7435 3891 9624 8620 7088
10
34055232 8502480
24567669 82545048
31918828 16556004
21433923 38252421
24567669 63769995
21433923 94613544
49239090 69261349
72952245 10873260
8975428 83576636
24567669 55064340

7 10 7
3407 9535 7097 8951 707 7165 7959
1465 4215 1660 3885 8203 1780 1653 3580 663 74
528 3432 4660 1769 3293 18 3434
10
34135300 2183259
13968775 253968
29899800 22006621
11781020 6333020
1236142 46091712
13156227 64440
62281455 4811973
12818684 13558158
5824676 5014480
37043475 6108960

3 4 3
8586 1178 9140
7050 6147 5305 198
5356 2929 1507
10
56183580 7994635
6249290 579942
2688975 61238240
71324226 14561712
36886395 10838656
1809720 18004563
40140520 59390552
1700028 10624350
75379326 15990370
1809720 37759800

4 2 6
365 2311 4995 1944
556 3007
4323 8292 39 6336 2001 1611
10
2663410 19617070
44522184 73378668
1284916 19052352
30861599 49620438
1097555 1112556
1284916 24934044
42915978 4683216
15019965 2403588
6949177 21684
2929512 9823122

5 9 3
1515 2805 4447 6427 6256
5199 8633 266 5641 5815 4324 3699 1367 729
8312 9978 7983
10
23773473 68917239
16311075 29529117
2071005 45032103
7713408 4892688
1977644 8996008
37025100 27553838
55484291 58022070
19642380 47531456
32210386 6462624
16449453 6059448

9 9 4
9667 6613 8428 2594 1726 295 9366 1035 6973
3555 9593 8295 1277 224 3175 1884 3147 6648
1884 3252 8385 7232
10
8163318 69553575
21517230 4152804
64266216 22759104
15372851 350034
32525983 42530930
30169675 52736346
80497870 1187550
8216208 1304928
3312538 29808675
43963224 2405868

9 4 1
4519 4297 7321 2351 7549 4259 251 3557 9433
5657 8287 5087 4801
1193
10
13782623 5145797
16457827 2122591
4151353 31735399
20447459 9886391
38401763 9886391
14182307 74256713
47985671 6748801
2899769 44917909
24093163 9886391
37448953 5727593

6 6 3
3853 4567 5443 8363 6397 6659
9839 2467 2707 5273 2357 5381
9859 6551 5503
10
35112907 13575901
11266789 23237663
18025913 64455289
47508239 7100201
44098099 53051279
22036187 2491241
1062289 72990527
18025913 12970571
14904749 3343931
5111629 1996961

4 7 1
3091 7804 7780 8846
4361 8127 1293 6767 7155 5780 1497
7444
10
4627227 60497388
33928580 60497388
57867210 36761760
4281841 1285556
22116105 32463284
53639080 20761476
65989280 25962655
4627227 32463284
3544800 5568402
52647260 9625092

6 3 2
6827 5134 8969 7053 4787 6285
1112 4033 3839
451 867
10
27076467 3496611
10342059 85199920
11914487 16504944
27076467 964104
28444749 3328413
12314952 24361604
27533291 3328413
9750250 840736
3640410 56603745
34431991 3496611

4 8 3
9437 7393 6301 6491
2683 449 1193 7673 739 3067 127 3943
9043 8969 8089
10
800227 4027081
824357 21702787
15112729 21731503
2914459 21702787
45606623 17333419
14009473 6115231
5463427 3631961
24559573 435497
19325167 5977771
1372409 21872621

1 8 2
9705
5133 5998 8153 8715 6245 87 6814 3178
6999 236
10
66129870 20532
7390734 23486208
844335 41980002
66129870 41980002
63004346 4777929
49815765 1924108
20796182 1485409
37948240 17670576
40045824 19904625
58210590 35925867

4 5 4
3535 3830 3170 4205
341 6646 9448 5599 5344
3999 7670 1683 8833
10
22127472 34800292
16940480 9423117
1080970 58704118
1433905 21370656
22471520 22390401
57578440 20773500
27249066 26351706
18649386 12874360
20467520 42944330
147963 52435370

1 10 7
6200
9118 2250 1739 6533 822 6728 276 2678 8836 5424
6130 1071 1094 7236 8071 8839 3372
10
11675528 5130892
33628800 930672
56531600 7205688
56531600 52727843
33787406 450258
40504600 5038860
35701089 54113095
32158008 5057800
10781800 5809104
26151828 3499936

4 2 1
514 5581 6659 5734
6396 3259
4283
10
1132728 28575353
18188479 27394068
36674664 13958297
5554646 13389186
1034432 28643712
21276285 23918580
42590964 13958297
35696076 13958297
36674664 13958297
428892 10023903

1 7 9
467
151 1979 2549 5077 4933 5711 8111
2003 3881 317 7039 4987 1021 4073 1979 3533
10
1190383 16051669
49083971 25010717
2303711 23260903
10453189 82249381
924193 302453
198131 37449541
2303711 586031
4768741 22171663
2667037 17428289
8452421 28989047

2 2 8
457 3643
5851 3677
9811 1301 2879 5953 5087 461 9337 2749
10
1680389 57404161
2673907 4783777
24854279 7319413
13395311 29764037
8691773 12555253
13395311 57404161
24853043 1385623
1498949 2960519
1680389 34831003
7035277 30335699

10 2 5
2871 1072 4206 9007 4180 2911 4982 8321 4183 8711
6920 903
461 2579 4128 1684 8388
10
3798018 11653280
2628633 3190120
156536 14103200
17669852 11434536
3774540 3190120
240352 19994688
3798018 11653280
7418240 3727584
73528 5811260
5408370 57523556
