50
10
18 219
19 234
25 303
37 442
45 539
74 887
84 1003
86 1022
97 1160
100 1184
10
11 21
21 39
26 48
43 79
60 110
66 121
83 152
93 172
96 176
100 183
10
1 4
20 64
22 70
28 90
40 127
52 164
54 168
78 245
92 287
100 311
10
2 32
3 42
6 75
23 265
27 317
39 454
47 545
49 562
92 1054
100 1138
10
11 96
13 114
28 233
47 386
48 395
49 406
58 474
69 565
87 711
100 817
10
8 22
11 31
44 116
45 118
50 133
58 152
72 188
75 196
85 224
90 236
10
13 180
15 211
36 499
58 812
71 983
73 1011
84 1167
94 1303
96 1325
100 1380
10
2 41
13 226
21 365
45 764
57 965
73 1229
73 1241
76 1278
78 1316
85 1437
10
0 10
11 165
13 181
22 314
26 365
41 572
54 754
77 1069
81 1117
100 1376
10
4 28
29 178
31 191
49 301
65 396
78 477
79 482
82 501
89 545
100 606
10
22 400
32 577
39 717
43 787
52 934
52 949
55 993
68 1226
69 1242
69 1251
10
0 4
1 17
2 29
22 283
24 312
57 726
73 936
82 1043
92 1171
100 1267
10
15 12
24 19
37 29
38 30
46 36
52 41
62 49
83 65
92 72
100 78
10
5 114
10 208
22 435
24 472
76 1477
84 1638
86 1684
87 1692
89 1730
100 1937
10
27 411
31 462
40 589
47 694
53 785
86 1279
87 1291
90 1331
95 1399
100 1471
10
6 53
31 269
32 283
46 406
67 580
71 615
75 648
85 740
94 815
100 864
10
20 325
46 726
60 955
66 1045
74 1175
79 1256
79 1259
82 1300
86 1366
94 1485
10
8 20
9 24
26 66
39 98
43 107
55 137
55 137
75 187
98 244
100 247
10
20 330
20 331
36 601
39 646
43 707
49 805
82 1339
86 1401
99 1614
100 1625
10
19 212
19 214
37 408
38 420
52 564
69 746
74 802
78 852
90 981
100 1079
10
9 84
16 148
48 428
68 611
71 635
78 693
81 722
88 781
98 871
100 887
10
5 5
47 47
50 49
50 49
62 61
62 61
94 93
100 98
100 98
100 98
10
0 4
20 116
33 194
35 202
45 257
45 262
67 387
70 404
71 409
83 478
10
0 0
11 100
16 144
24 212
26 228
32 281
43 381
51 451
74 648
100 870
10
6 125
8 155
15 297
32 613
64 1209
70 1320
82 1548
85 1596
89 1666
100 1866
100
0 0
0 1
1 2
3 4
3 4
3 4
4 5
4 5
5 6
6 7
9 10
10 11
10 11
13 14
15 16
15 16
15 16
18 19
19 20
22 23
22 23
23 24
24 25
26 27
27 28
29 30
29 30
30 31
30 31
30 31
32 33
32 33
36 37
37 38
40 41
40 41
40 41
40 41
42 43
43 44
43 44
43 44
44 45
45 46
46 47
47 48
48 49
48 49
50 52
50 52
51 53
52 54
52 54
55 57
58 60
58 60
61 63
62 64
63 65
66 68
68 70
69 71
71 73
71 73
73 75
74 76
74 76
74 76
74 76
75 77
75 77
75 77
76 78
76 78
77 79
77 79
77 79
78 80
80 82
81 83
83 85
83 85
84 86
85 87
85 87
86 88
87 89
90 92
92 94
94 96
94 96
94 96
95 97
96 98
96 98
96 98
97 99
97 99
97 99
100 102
100
0 1
1 11
1 13
1 16
2 20
2 21
3 27
4 39
7 65
11 95
12 105
12 107
14 119
15 131
16 141
16 144
18 160
26 222
26 223
27 229
28 239
29 249
29 251
31 269
32 277
34 289
37 314
38 323
38 329
38 330
38 330
39 333
40 343
41 356
42 357
42 362
43 368
43 371
43 373
44 375
48 412
54 463
56 477
56 482
57 484
57 486
57 488
57 488
57 491
58 496
58 497
58 498
59 502
60 517
61 518
63 540
66 564
67 574
67 574
67 575
67 575
68 577
68 578
69 593
72 615
74 629
75 636
75 642
75 644
76 651
77 653
80 682
80 685
80 685
83 706
84 714
84 718
85 726
85 726
86 736
87 738
87 741
88 754
89 762
90 770
91 775
92 785
93 795
95 810
96 819
96 820
97 823
97 825
98 833
98 838
99 845
99 845
99 847
100 848
100 848
100
1 22
1 25
1 30
1 34
2 39
2 45
4 80
4 82
6 110
8 154
9 168
10 178
11 204
11 207
11 210
12 223
13 231
13 242
14 255
16 281
16 288
18 316
19 341
19 350
20 367
22 393
23 404
26 456
29 512
29 525
30 535
31 545
31 555
31 558
32 571
33 582
35 626
36 645
38 671
38 679
39 685
40 716
42 748
42 751
43 754
43 762
45 801
45 802
47 830
47 837
49 861
49 867
51 898
52 923
52 928
53 937
53 941
54 950
54 951
55 972
57 1012
59 1038
59 1043
60 1057
61 1073
62 1090
63 1117
64 1123
64 1132
65 1144
65 1152
65 1154
66 1159
68 1199
69 1215
69 1221
69 1223
71 1255
73 1289
74 1305
74 1312
76 1336
79 1384
80 1409
82 1443
82 1448
82 1453
83 1459
85 1491
87 1533
88 1553
91 1609
92 1612
94 1652
94 1654
96 1688
97 1706
98 1731
98 1733
99 1738
100
0 6
1 9
1 14
2 18
2 19
3 30
4 32
8 63
8 67
9 74
10 78
12 94
13 103
16 124
16 128
17 132
17 134
18 139
18 142
20 153
23 183
27 210
27 210
30 234
30 235
32 245
32 250
32 252
33 253
35 275
36 283
38 294
38 295
40 307
40 312
43 329
43 335
44 340
44 340
44 342
45 347
46 352
46 353
46 356
46 357
46 357
47 367
48 368
48 373
49 376
54 420
55 425
55 426
56 432
57 437
58 447
58 447
58 448
63 487
64 491
64 492
64 497
66 505
66 506
66 507
67 513
69 529
69 531
70 536
71 550
72 554
72 555
72 557
72 557
73 566
77 594
80 613
82 629
83 641
84 648
86 658
86 659
86 665
86 665
87 666
87 668
88 674
88 675
89 683
90 695
91 700
93 717
94 721
94 723
95 727
95 728
95 732
97 743
97 746
98 756
100
1 22
1 29
1 36
2 43
3 73
6 117
6 128
8 170
9 184
10 194
10 194
11 224
12 249
13 255
13 264
13 266
15 298
19 366
19 369
21 414
21 416
22 433
23 448
23 462
24 469
24 470
26 501
27 523
27 530
27 530
29 559
31 610
32 634
33 654
35 676
35 678
35 687
36 694
38 738
39 766
41 795
41 800
42 822
43 833
44 853
45 873
45 878
48 939
53 1022
53 1034
53 1036
54 1051
55 1075
58 1122
60 1168
60 1174
61 1184
61 1185
63 1214
64 1237
64 1243
65 1254
65 1271
66 1286
67 1295
67 1299
67 1309
68 1317
68 1319
68 1324
68 1327
69 1339
70 1354
71 1369
72 1398
73 1416
73 1417
74 1430
78 1511
78 1519
79 1522
79 1531
80 1556
81 1572
81 1573
82 1595
83 1602
83 1604
84 1627
86 1668
87 1682
89 1717
89 1724
89 1725
90 1741
93 1799
93 1809
94 1812
95 1831
99 1910
100
0 1
0 2
1 4
1 4
2 6
3 7
4 9
4 9
4 11
5 13
6 15
7 17
8 18
8 19
9 21
9 21
12 27
12 28
14 33
15 34
16 37
17 39
18 41
20 45
21 47
21 48
22 51
23 53
23 53
28 63
28 63
29 65
29 66
30 67
31 70
31 71
35 79
35 79
36 82
37 83
39 88
40 89
40 90
42 94
42 95
45 100
45 102
45 102
49 110
51 115
53 119
54 121
56 126
58 129
60 135
60 135
61 137
62 139
63 140
63 140
63 142
66 147
66 147
67 149
68 152
70 156
70 156
70 157
70 157
72 161
72 162
75 167
75 167
77 171
77 172
78 175
79 176
81 180
81 180
82 184
83 185
85 189
85 189
86 193
87 195
89 198
90 201
90 201
90 202
91 203
91 204
92 206
92 206
93 207
95 211
95 213
99 221
100 222
100 222
100 222
100
0 1
0 7
1 19
4 46
4 48
4 48
5 58
8 84
12 128
12 129
12 129
13 133
13 137
14 144
14 146
14 150
15 155
15 160
20 206
20 209
20 210
22 227
23 236
23 240
24 250
25 256
26 264
26 266
28 288
33 333
33 338
33 341
34 348
35 358
37 378
38 386
39 398
42 430
44 445
48 486
49 499
51 512
51 520
51 520
51 521
52 522
53 536
54 550
54 550
55 556
55 558
57 572
57 578
59 592
59 595
59 599
60 608
60 609
61 613
61 619
63 640
65 655
66 666
67 681
68 685
68 686
69 694
69 699
69 702
70 707
74 746
74 747
75 761
76 763
76 766
76 768
77 776
77 781
79 797
80 804
80 808
81 819
82 829
83 834
85 861
87 877
87 879
88 884
88 887
89 902
90 903
91 915
91 917
92 925
94 947
96 964
97 975
98 984
98 987
100 1003
100
0 0
0 1
0 1
1 2
2 4
2 5
2 5
3 6
5 9
5 9
5 10
6 11
7 12
7 12
7 13
11 19
12 21
12 21
13 22
14 24
16 28
17 29
19 32
20 34
23 40
25 42
25 42
26 44
26 44
26 45
26 45
28 47
29 49
30 51
30 51
30 51
30 51
32 54
32 54
34 58
35 59
35 60
37 62
41 69
42 71
43 72
43 73
43 73
44 75
45 76
46 78
46 78
49 82
50 84
51 86
53 90
55 92
55 92
55 93
56 95
57 96
57 96
60 101
60 101
62 105
64 108
64 108
67 113
68 114
68 114
68 114
68 115
73 122
73 123
73 123
74 124
74 125
74 125
75 126
77 129
78 131
79 132
82 137
82 138
84 141
84 141
85 143
86 145
88 147
88 147
89 149
89 149
91 153
94 157
95 159
96 161
97 162
97 163
98 165
100 167
100
0 0
2 55
3 72
5 109
6 120
6 128
7 143
8 169
9 195
10 201
10 211
12 252
13 274
15 310
15 312
15 315
16 328
16 331
17 340
17 342
18 373
19 390
21 432
22 451
23 469
24 480
25 510
25 515
26 522
26 530
29 592
29 597
30 604
30 614
31 634
31 634
32 648
35 719
36 737
38 764
39 797
41 838
42 852
43 867
44 880
44 896
45 904
45 906
45 915
46 924
47 949
47 958
48 979
49 993
51 1024
51 1029
53 1075
53 1078
54 1098
56 1127
56 1137
58 1167
60 1204
61 1234
62 1249
62 1255
64 1282
65 1301
66 1319
66 1332
67 1340
68 1361
68 1368
69 1382
69 1398
73 1465
74 1491
75 1507
75 1514
75 1516
76 1537
77 1544
81 1624
81 1631
82 1646
82 1657
83 1670
83 1676
84 1682
85 1718
89 1796
90 1815
92 1847
93 1865
93 1874
94 1896
95 1917
99 1985
99 1993
100 1998
100
2 35
3 41
3 41
3 44
4 56
4 61
8 108
9 121
9 125
10 127
10 133
11 151
12 153
14 179
14 183
16 204
17 222
19 251
20 261
22 280
22 287
22 288
22 289
23 292
23 294
23 300
26 339
27 346
30 381
31 402
32 407
33 423
33 425
33 427
35 442
36 459
37 470
37 470
37 478
38 479
39 494
41 521
42 531
42 536
43 550
44 558
46 581
46 589
46 589
48 610
48 611
48 614
50 632
50 638
51 652
51 653
52 657
53 671
55 693
56 716
57 729
58 731
61 777
61 780
62 782
62 782
62 786
63 799
63 804
64 811
65 827
66 841
66 842
70 885
70 889
74 941
74 941
75 955
78 986
78 991
79 999
79 1007
81 1029
84 1060
84 1069
85 1083
87 1108
88 1111
89 1133
89 1133
91 1155
92 1163
92 1171
93 1173
93 1183
94 1196
95 1202
95 1208
98 1238
100 1260
100
0 5
0 5
1 6
2 14
3 17
6 35
7 37
9 51
11 60
14 73
15 78
15 79
15 81
17 88
17 89
18 93
18 96
19 99
19 99
19 101
21 110
21 112
23 119
24 128
25 129
25 132
25 132
27 142
27 143
28 148
29 150
30 158
32 166
32 168
32 168
33 171
33 171
33 175
36 190
38 198
38 201
40 209
40 210
41 214
43 223
44 230
46 240
50 262
52 270
54 279
55 286
55 287
56 290
57 295
57 295
57 295
57 298
58 303
61 316
62 322
62 325
64 335
65 338
65 339
66 343
66 344
66 344
68 351
69 357
70 364
71 371
72 372
73 377
76 396
76 397
77 401
78 406
78 407
80 413
80 415
80 416
84 435
84 437
85 440
86 447
87 449
89 462
89 463
91 471
93 484
94 488
94 489
94 489
95 493
96 498
96 500
97 501
97 502
99 513
100 516
100
0 0
0 1
1 3
2 5
3 7
4 9
7 15
7 15
8 17
8 18
11 24
11 24
12 26
12 26
13 28
14 30
16 33
17 35
17 36
18 37
18 37
18 37
18 38
19 39
19 40
19 40
22 45
22 46
23 47
23 47
23 48
24 49
30 61
31 64
32 65
33 67
33 67
36 73
36 73
36 73
38 77
38 78
40 82
41 83
41 84
43 88
44 89
44 89
44 90
46 93
46 93
46 93
48 98
48 98
49 99
50 101
52 105
58 117
58 118
58 118
59 119
60 121
61 124
62 125
62 126
63 127
63 128
65 132
68 137
69 140
72 146
73 147
76 153
77 155
79 159
79 159
80 161
81 163
81 163
82 165
83 167
85 171
85 172
87 175
87 176
88 177
88 177
89 179
90 181
91 183
91 184
94 189
95 192
97 196
98 197
99 199
99 199
99 200
100 201
100 201
100
0 0
0 4
0 12
1 23
1 33
1 35
2 36
2 50
3 63
3 70
4 77
4 84
5 91
5 95
5 101
6 112
6 112
10 178
10 181
10 192
11 195
11 205
11 209
12 220
12 224
12 225
12 228
13 230
18 321
18 324
18 331
19 337
20 354
22 389
23 414
24 425
25 446
28 511
29 520
29 526
31 561
31 565
34 601
39 700
40 710
40 721
42 746
43 772
47 832
50 895
51 911
53 944
54 971
55 988
57 1013
58 1041
58 1041
61 1094
63 1117
64 1143
65 1162
66 1171
67 1187
68 1206
68 1216
70 1239
71 1267
72 1280
72 1285
73 1293
74 1316
74 1318
74 1324
75 1340
76 1351
77 1362
80 1422
81 1433
84 1492
85 1503
86 1530
86 1534
87 1546
88 1555
90 1594
91 1616
91 1619
93 1645
93 1657
94 1664
94 1671
95 1690
96 1700
96 1701
97 1719
98 1735
98 1737
98 1738
98 1743
99 1750
100
1 21
2 45
3 64
3 68
3 70
4 80
4 82
4 87
6 135
7 139
7 141
8 168
8 178
9 180
10 205
10 212
13 260
13 260
13 271
14 278
15 305
16 331
16 333
17 343
17 346
18 358
18 369
19 377
19 388
20 398
20 407
20 411
22 443
24 478
24 479
25 505
26 523
26 530
32 652
33 661
33 671
34 690
35 695
35 703
38 753
38 771
44 873
44 884
44 885
45 908
46 921
47 942
50 996
51 1019
52 1035
54 1073
54 1081
55 1092
55 1107
56 1127
57 1134
57 1145
59 1172
59 1181
59 1181
59 1181
59 1185
62 1240
63 1263
64 1273
65 1299
71 1414
71 1421
72 1443
73 1449
74 1477
76 1517
76 1518
79 1574
81 1606
81 1615
82 1638
83 1656
84 1667
84 1677
84 1680
87 1731
87 1731
87 1733
88 1752
89 1763
92 1821
93 1852
95 1889
96 1904
96 1916
97 1935
98 1949
99 1965
99 1973
100
0 14
0 17
1 27
4 69
5 91
5 103
6 115
6 117
7 121
7 122
7 124
7 128
8 152
10 173
10 174
16 275
16 277
16 280
17 301
18 310
18 313
18 326
19 328
19 330
23 396
23 398
24 428
27 468
29 501
29 509
30 517
30 526
31 536
31 542
31 543
31 546
34 595
34 598
35 606
35 615
36 634
39 680
42 728
43 749
44 757
44 757
44 758
45 778
48 837
49 842
51 889
53 915
53 927
54 928
54 943
55 960
56 970
57 994
58 1002
63 1086
64 1103
65 1121
65 1124
65 1133
66 1135
67 1159
67 1163
67 1167
68 1169
68 1173
68 1184
71 1222
71 1228
72 1242
72 1249
72 1252
73 1256
74 1283
77 1331
77 1335
81 1404
81 1406
82 1423
83 1429
85 1467
85 1471
85 1476
86 1491
88 1516
88 1519
89 1530
90 1556
92 1584
92 1584
93 1601
94 1615
98 1690
98 1694
98 1695
99 1702
100
0 6
0 7
0 10
2 34
3 41
5 63
6 69
6 79
7 81
9 108
10 118
10 123
12 142
13 151
13 152
14 160
14 169
15 172
15 174
15 175
15 179
16 190
17 201
19 227
20 235
28 323
28 329
29 337
30 344
30 348
31 358
32 367
32 371
32 375
33 380
36 414
39 446
42 485
43 491
43 497
44 503
44 506
44 507
45 517
46 528
47 540
47 545
49 562
50 575
51 583
51 584
51 592
53 614
54 617
55 627
55 632
55 634
57 651
58 671
59 679
59 682
60 691
62 707
62 710
62 713
64 733
66 752
66 755
67 771
68 776
69 786
69 797
70 806
72 821
72 826
74 846
74 852
75 862
77 884
78 898
79 904
79 911
82 941
85 972
85 977
86 990
88 1009
89 1025
90 1033
90 1036
90 1036
92 1054
93 1064
93 1070
94 1078
95 1092
96 1098
97 1116
98 1120
100 1139
100
0 9
0 11
1 12
6 75
7 93
8 106
9 116
14 178
15 180
16 193
17 213
19 229
21 256
22 272
22 274
29 357
30 360
30 365
31 377
31 381
33 402
33 403
35 428
35 431
36 440
37 454
38 456
38 460
38 466
39 470
40 486
41 492
42 508
43 517
44 530
47 567
47 574
49 597
49 599
50 608
50 611
51 616
51 623
53 639
53 641
54 652
54 659
55 664
56 672
56 683
57 687
57 689
57 693
59 709
59 714
59 718
60 725
61 741
62 748
62 748
64 769
64 770
64 774
65 790
67 807
67 814
70 842
70 842
70 849
71 856
71 858
72 865
74 891
74 899
75 907
77 924
77 932
78 941
79 952
80 971
81 972
81 973
81 980
81 980
83 998
83 1000
84 1010
87 1046
87 1053
88 1061
88 1066
88 1066
89 1077
90 1080
91 1096
95 1140
95 1146
96 1163
97 1168
97 1174
100
0 15
0 16
1 26
5 95
9 159
9 167
11 205
13 232
13 232
14 243
14 255
15 260
15 266
15 270
16 283
18 312
18 322
18 325
19 331
21 366
22 382
22 386
22 391
23 395
23 400
23 401
24 418
24 418
26 456
26 461
27 476
28 494
29 506
30 521
30 525
31 546
31 549
32 556
32 563
34 588
34 593
34 594
34 595
34 595
34 597
36 626
37 648
39 673
42 722
42 724
42 728
43 742
46 793
46 798
46 799
47 807
47 815
49 843
50 862
51 877
52 906
54 933
54 936
56 970
57 979
57 990
62 1067
63 1084
63 1087
63 1098
64 1107
64 1109
71 1224
71 1228
71 1230
72 1245
73 1269
74 1280
75 1290
75 1300
77 1329
77 1336
79 1362
79 1370
80 1376
81 1399
82 1411
83 1437
85 1461
87 1497
88 1525
89 1535
90 1546
90 1560
92 1583
92 1595
95 1634
96 1653
97 1667
99 1701
100
5 92
6 109
7 130
7 139
8 146
9 170
10 184
10 187
10 188
11 201
12 220
13 238
14 246
14 262
15 267
17 308
17 311
18 316
20 361
21 377
22 391
22 392
22 396
23 416
24 421
25 439
25 443
26 466
28 506
29 516
29 524
30 536
31 550
31 560
36 638
37 659
39 694
40 715
41 733
42 743
42 747
45 796
47 835
47 836
48 843
48 844
49 867
51 901
52 915
54 955
55 975
57 1000
58 1017
58 1028
61 1072
61 1083
62 1087
64 1123
64 1132
64 1139
65 1143
65 1144
65 1148
66 1167
68 1194
68 1196
68 1201
70 1231
71 1261
72 1278
73 1289
74 1301
74 1303
74 1304
74 1313
76 1345
77 1363
79 1400
80 1404
81 1436
82 1452
83 1461
84 1476
84 1482
87 1535
87 1535
87 1537
88 1549
89 1577
90 1589
90 1595
92 1620
93 1639
96 1683
96 1690
97 1702
97 1715
98 1722
100 1753
100 1753
100
0 1
0 2
1 9
3 27
3 30
3 31
3 34
4 38
4 39
4 44
7 68
8 72
8 75
10 89
10 91
10 94
11 98
13 118
14 130
15 134
18 167
20 180
20 186
21 194
22 197
25 226
26 232
26 238
27 240
29 262
29 266
34 306
35 319
36 322
38 341
38 341
39 350
45 406
46 409
47 419
48 432
50 451
51 455
52 466
52 467
56 504
56 504
57 511
57 514
58 517
59 528
61 544
61 548
64 570
65 579
66 589
66 592
66 593
67 599
68 612
69 613
73 653
74 665
75 668
75 668
75 668
75 674
77 689
77 691
78 696
78 698
78 700
80 712
80 714
81 723
83 742
83 743
85 757
85 760
85 760
85 762
86 770
86 770
86 771
87 777
88 783
91 808
91 815
92 820
92 822
92 824
93 826
93 826
93 833
94 838
94 838
94 840
98 874
99 883
100 887
100
0 7
0 10
0 13
3 56
6 111
7 112
7 125
8 132
11 187
12 201
13 219
14 229
14 231
15 250
16 267
17 272
18 288
18 295
19 315
20 322
20 324
20 334
20 335
21 342
21 346
22 354
22 359
25 414
27 437
27 437
28 459
28 460
30 493
32 513
33 536
34 553
34 558
35 560
35 562
36 587
42 673
42 684
44 715
45 723
46 737
47 763
47 766
48 783
49 795
54 870
57 916
59 956
60 973
61 986
62 996
63 1009
64 1025
64 1038
66 1055
67 1081
72 1155
72 1158
74 1185
75 1201
75 1204
75 1206
76 1218
76 1220
77 1240
78 1250
78 1253
79 1266
79 1268
79 1273
79 1275
81 1296
81 1297
84 1345
88 1407
88 1413
89 1423
91 1462
92 1473
92 1480
93 1498
93 1499
94 1505
95 1520
96 1540
96 1541
96 1542
96 1544
97 1554
97 1563
98 1571
98 1575
98 1580
98 1580
99 1588
100 1598
100
2 44
2 46
2 48
3 76
4 92
4 96
6 123
7 146
7 146
7 153
8 166
9 181
9 191
10 197
10 204
11 222
11 226
13 274
16 330
19 374
19 375
20 404
20 408
23 459
25 496
26 528
27 537
28 554
28 559
29 573
30 604
32 644
35 695
36 715
36 717
36 720
37 740
38 759
39 769
39 784
42 840
44 882
46 917
47 936
48 949
48 950
48 953
49 971
50 998
51 1005
52 1028
54 1072
55 1080
56 1114
57 1120
57 1125
57 1133
59 1174
61 1206
61 1214
63 1249
65 1290
66 1312
67 1315
67 1323
68 1349
70 1374
71 1393
71 1404
71 1408
72 1425
73 1441
73 1448
75 1483
75 1488
77 1528
79 1556
79 1567
80 1580
82 1619
83 1642
83 1642
83 1647
85 1670
88 1744
89 1748
89 1757
91 1798
92 1808
92 1815
92 1822
93 1828
94 1851
95 1868
95 1870
96 1896
96 1898
97 1908
98 1934
100 1961
100
0 9
0 11
0 18
1 25
1 39
2 47
2 57
3 70
4 97
5 110
5 112
5 119
6 121
7 158
10 206
10 219
11 228
12 240
13 279
14 284
16 324
16 332
17 352
19 381
19 381
20 410
23 471
23 479
26 520
26 527
27 544
28 571
30 611
31 632
31 636
32 655
33 671
36 720
39 783
39 786
39 798
41 825
41 827
42 853
47 953
52 1046
53 1061
53 1072
53 1072
54 1080
54 1087
55 1109
55 1113
55 1119
57 1146
57 1159
58 1175
60 1218
61 1227
61 1232
61 1235
61 1235
62 1240
64 1281
67 1341
67 1353
70 1400
70 1404
70 1404
71 1423
71 1430
72 1443
74 1494
76 1522
77 1540
77 1550
78 1569
82 1646
83 1663
84 1689
84 1692
86 1722
87 1749
88 1765
90 1803
90 1806
90 1814
92 1844
92 1855
93 1863
94 1881
95 1902
95 1912
95 1915
96 1922
97 1940
97 1942
98 1969
99 1991
99 1992
100
3 66
4 71
4 84
7 126
8 151
9 163
10 173
10 181
11 194
12 213
13 232
13 239
14 251
15 265
15 272
16 291
17 301
17 302
18 312
20 356
21 363
22 382
22 390
24 412
24 427
25 429
25 435
27 465
27 470
27 474
28 488
30 524
30 528
31 545
32 563
33 571
34 594
35 604
35 616
35 616
36 632
37 635
37 643
37 646
39 680
39 684
40 700
40 702
41 708
43 753
44 766
44 767
47 821
48 834
49 843
49 854
49 856
50 858
52 901
52 902
53 926
54 928
57 983
59 1026
61 1054
62 1072
63 1086
64 1109
65 1122
67 1152
67 1156
70 1202
71 1233
72 1237
73 1255
74 1270
74 1277
75 1287
75 1299
76 1305
76 1311
77 1322
77 1322
77 1335
78 1352
79 1360
79 1362
80 1380
87 1502
88 1516
89 1540
89 1540
91 1566
92 1583
92 1585
93 1597
93 1602
94 1618
95 1644
96 1648
100
0 1
0 2
1 3
2 8
2 8
3 10
4 11
4 11
5 15
6 17
7 20
7 21
8 24
10 27
10 29
11 31
11 32
13 35
14 39
15 41
15 41
15 43
17 47
20 55
24 65
24 66
26 70
26 71
26 72
26 72
29 79
29 80
31 86
33 90
34 93
35 95
38 104
40 108
40 109
40 109
41 111
42 114
43 116
43 117
44 119
45 122
45 123
47 128
48 131
49 134
51 139
53 144
53 145
54 146
55 148
59 160
60 164
63 170
65 176
65 176
65 176
65 176
67 181
68 183
69 187
71 192
71 192
72 195
72 196
73 199
73 199
75 202
75 203
76 206
78 210
79 214
79 215
80 217
81 218
82 222
82 223
84 226
85 231
86 233
86 234
87 235
87 235
88 237
88 238
89 240
91 247
92 248
92 249
92 250
93 252
98 266
99 267
99 268
100 269
100 269
