50
10
7 23
10 34
15 49
15 50
37 122
57 185
59 191
69 224
77 250
97 314
10
4 63
17 240
23 325
49 683
71 987
84 1162
84 1167
85 1181
89 1227
100 1376
10
18 177
22 224
26 262
43 427
52 516
71 700
86 848
88 872
98 971
100 983
10
11 165
16 240
40 576
48 699
82 1181
85 1226
88 1265
93 1344
98 1410
100 1432
10
2 38
3 59
26 465
34 611
35 626
36 644
54 962
59 1041
67 1180
77 1368
10
22 101
22 104
29 132
42 193
76 349
79 360
79 363
91 417
98 449
100 455
10
10 161
10 169
20 324
28 450
29 467
33 523
66 1049
74 1167
81 1287
82 1294
10
0 2
6 124
25 498
42 831
43 841
48 946
50 975
67 1301
74 1438
100 1936
10
18 161
20 182
23 208
35 316
61 542
62 556
64 572
74 655
81 717
100 883
10
11 51
23 104
24 106
31 139
65 284
68 297
73 320
74 326
82 360
100 436
10
23 156
38 255
55 374
60 402
64 429
64 430
64 433
68 457
72 482
78 525
10
8 170
22 427
32 609
35 678
40 778
41 791
83 1587
93 1768
98 1863
99 1882
10
17 203
22 258
24 279
29 339
33 386
34 397
53 610
80 915
86 983
100 1136
10
13 55
29 120
30 125
34 143
42 175
55 225
61 250
88 362
90 369
92 380
10
3 10
8 26
27 80
32 94
42 124
65 192
74 219
84 248
88 258
93 275
10
19 15
21 17
26 21
28 22
42 33
67 53
80 63
80 63
85 67
87 68
10
13 81
26 156
31 183
45 271
46 273
58 348
63 376
67 396
89 529
96 569
10
3 61
5 104
13 256
26 502
67 1306
75 1460
77 1494
95 1838
96 1863
100 1925
10
5 45
8 71
10 83
23 189
27 217
28 229
31 255
35 289
49 398
60 487
10
2 15
14 79
28 153
32 174
42 229
65 349
69 371
72 385
74 396
81 434
10
16 137
17 146
46 390
53 441
55 461
72 601
72 604
78 654
83 691
86 716
10
33 211
41 258
49 313
51 322
54 342
63 398
70 443
81 510
87 549
100 627
10
16 151
21 193
24 223
29 261
58 520
62 561
63 566
78 700
90 808
100 893
10
7 138
18 322
21 377
24 430
25 460
36 659
44 787
79 1421
82 1477
100 1786
10
34 622
36 672
42 769
57 1050
59 1082
60 1095
60 1097
72 1323
76 1390
100 1821
100
0 11
1 24
1 37
2 45
4 81
4 82
4 84
5 103
5 111
6 130
8 162
10 193
11 228
13 249
13 263
13 266
14 276
14 283
17 328
17 332
18 348
20 391
20 396
22 423
22 429
22 437
24 460
24 463
24 468
26 499
26 516
27 517
27 529
27 534
28 538
28 551
29 570
32 613
33 642
34 655
34 659
35 672
35 678
36 691
37 711
37 712
38 730
38 735
39 758
41 797
42 823
43 842
44 844
45 866
47 911
48 922
49 938
49 954
49 956
51 985
51 986
51 992
52 1001
53 1018
57 1091
61 1178
63 1212
63 1223
64 1241
67 1301
68 1304
68 1306
69 1330
69 1337
70 1345
71 1374
72 1382
72 1396
74 1417
75 1437
76 1460
79 1514
79 1521
81 1569
83 1590
83 1601
87 1670
87 1683
88 1692
88 1694
90 1728
90 1735
93 1790
95 1833
97 1870
98 1877
98 1881
99 1896
99 1908
100 1914
100
0 7
1 12
1 14
1 15
2 26
3 39
4 55
5 60
6 75
6 77
7 88
10 115
12 134
12 137
14 159
15 171
15 171
16 179
16 181
16 185
18 206
18 208
20 225
20 228
21 237
22 251
22 253
23 255
23 261
24 269
24 270
24 274
25 278
25 279
25 283
26 294
27 299
28 311
30 332
30 335
30 340
31 345
32 357
32 360
32 362
37 413
38 422
39 432
41 452
42 463
42 464
45 502
45 504
46 512
46 517
47 518
47 522
49 543
54 605
55 610
55 614
56 620
58 642
58 644
58 649
59 654
60 670
62 686
62 692
64 706
64 709
65 727
67 740
68 753
69 764
69 765
70 782
71 789
72 795
73 814
74 818
75 829
75 836
77 850
79 878
82 904
82 911
84 932
84 934
85 944
85 946
89 984
91 1012
93 1034
93 1035
95 1050
96 1066
97 1070
97 1078
100 1102
100
2 33
2 34
4 59
4 62
4 64
5 75
6 90
7 92
9 118
9 121
9 122
10 135
10 136
10 141
10 143
12 158
13 173
13 182
13 182
15 208
16 214
16 216
17 228
18 245
20 272
21 282
22 287
23 309
24 315
25 332
25 334
26 342
26 349
26 351
29 386
31 407
35 469
36 470
36 472
36 474
37 486
37 487
37 491
40 526
40 527
42 550
42 551
44 580
44 585
46 610
50 659
50 659
50 663
51 666
51 670
51 671
51 675
52 683
55 720
55 728
58 758
59 773
61 797
61 802
61 804
62 810
62 817
63 822
64 842
64 843
64 846
65 852
66 862
66 871
70 917
76 993
76 998
78 1026
79 1031
80 1049
80 1053
82 1074
82 1081
83 1094
84 1096
85 1119
85 1120
86 1134
88 1150
88 1155
89 1164
92 1201
93 1215
93 1222
93 1225
93 1225
97 1277
99 1295
99 1303
100 1304
100
1 15
1 21
1 24
2 30
6 84
7 90
8 112
12 154
12 157
14 185
14 185
14 187
15 188
15 193
18 231
20 252
21 265
22 278
22 283
24 307
24 312
25 321
25 325
26 335
28 353
28 355
29 368
30 378
30 387
31 389
33 421
33 422
34 426
35 446
37 474
39 491
40 501
40 502
40 504
41 520
42 526
43 539
45 570
45 575
50 629
51 640
51 649
53 669
53 669
54 682
56 703
56 713
58 734
59 740
59 741
61 772
63 793
63 793
63 797
65 823
66 830
67 842
67 846
68 857
68 861
69 875
70 880
71 896
73 914
73 923
73 925
75 941
77 968
79 991
80 1006
80 1008
80 1008
80 1012
81 1023
82 1029
83 1039
84 1052
84 1055
84 1057
85 1073
88 1111
89 1122
90 1137
91 1145
92 1153
92 1156
93 1167
94 1181
96 1203
96 1209
97 1219
97 1225
98 1226
99 1240
100 1251
100
1 13
2 19
2 25
4 39
6 52
6 53
7 61
7 63
9 80
10 87
10 87
10 89
11 99
11 100
12 107
13 112
13 115
14 124
15 131
16 140
17 150
19 170
20 177
26 227
26 229
27 236
30 266
31 268
34 297
34 298
35 304
37 320
39 344
40 345
41 357
41 360
42 364
42 370
43 371
43 375
43 376
46 398
48 415
50 435
51 442
53 461
54 467
54 473
55 474
55 475
55 475
56 484
56 484
58 500
58 507
59 514
60 522
61 532
63 544
63 546
63 550
64 552
64 554
64 555
64 555
67 577
67 581
67 582
70 605
70 605
73 631
74 640
75 648
76 656
77 663
78 679
79 685
80 691
81 703
83 716
83 721
84 726
85 734
86 746
88 762
88 762
90 780
90 782
91 792
93 804
93 806
94 816
95 820
95 820
95 822
95 826
96 828
96 830
99 857
100 861
100
0 8
2 21
2 26
3 30
3 32
4 41
4 43
4 45
7 68
7 68
8 80
9 91
11 104
11 107
12 113
13 129
14 134
14 136
14 138
15 144
15 149
16 154
18 173
18 177
19 185
20 188
20 190
23 218
24 233
26 252
28 263
30 290
31 293
32 304
33 317
34 326
36 340
39 366
41 391
41 393
43 406
43 411
44 414
44 417
45 430
47 444
47 449
50 473
50 477
52 494
52 495
55 516
58 548
59 554
59 556
59 557
60 564
60 564
62 584
63 592
63 595
64 607
64 608
65 610
68 641
68 646
69 650
73 690
73 691
73 693
75 711
76 718
77 726
78 741
81 763
81 765
82 772
82 778
83 779
83 787
84 788
85 801
86 811
86 813
86 816
87 818
87 821
87 822
87 824
89 839
90 845
90 847
91 860
92 868
95 898
95 898
97 918
98 923
98 923
99 932
100
0 4
5 60
7 86
8 94
9 104
10 113
13 146
13 155
15 173
15 174
16 183
16 189
16 190
20 234
21 236
23 267
25 285
25 288
26 299
27 303
27 304
29 334
30 337
30 347
31 352
33 371
33 376
33 378
34 386
35 392
35 394
38 426
40 459
41 462
42 478
43 487
44 494
44 501
45 511
45 513
47 535
48 541
49 554
51 575
51 581
54 611
56 631
56 637
57 642
57 646
58 656
58 657
59 665
59 669
59 670
60 677
60 678
60 679
62 698
62 703
64 722
64 724
65 734
66 744
67 759
68 766
68 768
70 785
70 791
71 799
71 802
73 821
73 822
74 834
74 835
79 895
80 898
80 898
80 903
81 909
81 912
84 941
84 943
85 953
86 972
88 994
89 999
89 1002
92 1031
92 1036
93 1042
93 1043
94 1055
95 1068
96 1078
97 1094
98 1104
98 1104
99 1109
100 1120
100
1 34
1 37
2 51
4 85
9 179
10 198
10 208
11 221
11 226
13 262
14 269
14 274
15 287
16 318
18 359
21 417
22 422
25 487
26 495
26 498
26 509
27 515
27 527
31 600
31 606
31 607
32 625
33 637
34 651
35 676
37 705
37 706
38 734
39 740
40 759
40 766
40 766
40 769
40 776
41 782
42 809
43 833
44 842
44 845
45 861
45 867
46 879
47 894
47 903
47 904
48 913
49 936
49 946
52 989
52 995
53 1009
53 1010
55 1059
56 1069
56 1069
56 1075
57 1082
58 1108
62 1178
62 1182
62 1187
62 1188
64 1217
65 1236
65 1247
67 1287
69 1325
72 1369
72 1377
72 1378
72 1380
73 1393
73 1402
76 1455
78 1486
78 1497
79 1501
80 1528
81 1541
82 1573
83 1578
84 1598
85 1615
88 1670
90 1709
90 1721
91 1740
96 1826
96 1832
97 1849
98 1860
98 1864
98 1873
99 1881
100 1897
100
1 15
3 46
5 66
5 66
7 88
8 100
8 102
9 107
9 108
9 116
9 117
10 125
11 132
11 134
13 160
14 167
14 170
15 188
19 234
19 236
23 274
23 276
24 286
25 301
29 355
30 367
32 385
35 416
35 418
36 434
37 447
39 464
39 470
39 470
40 482
40 485
40 485
41 489
41 492
42 510
43 521
43 522
45 540
45 544
46 549
47 567
48 576
49 585
49 587
50 595
50 601
51 613
51 613
56 671
57 679
57 680
57 684
59 706
59 712
60 717
60 718
61 728
61 731
61 732
61 732
62 737
62 739
63 752
63 758
66 785
67 804
68 809
68 819
69 820
69 822
70 839
72 866
75 894
77 922
78 927
78 929
79 939
79 945
79 947
80 951
80 952
80 961
81 967
82 974
84 1006
91 1086
93 1113
94 1119
94 1120
94 1124
95 1137
96 1141
99 1181
99 1186
100 1187
100
0 9
2 35
4 59
6 76
7 90
8 105
9 116
9 117
10 124
10 129
11 137
12 153
15 185
15 192
16 195
16 201
16 202
17 214
19 237
19 241
22 266
22 271
22 277
25 310
26 315
26 318
27 337
28 344
29 356
30 363
31 380
31 382
32 395
33 403
34 414
35 425
36 436
36 436
37 449
37 453
38 463
39 483
42 518
43 527
44 533
46 558
47 572
47 579
48 581
49 597
49 601
50 605
51 618
51 626
54 661
56 679
57 693
57 694
59 717
59 722
62 760
63 762
63 771
63 773
64 776
66 801
68 827
69 839
71 859
72 875
76 922
76 923
76 928
77 934
77 935
77 940
81 986
84 1023
84 1023
86 1042
86 1050
87 1055
88 1069
88 1070
89 1082
90 1091
90 1099
91 1105
91 1111
92 1115
92 1123
93 1125
93 1126
93 1132
94 1137
94 1147
95 1155
98 1189
98 1189
99 1204
100
3 19
3 21
3 23
5 32
6 39
9 55
9 56
9 56
9 57
11 70
12 75
16 94
20 118
20 120
20 121
20 121
22 130
22 134
22 135
24 144
25 149
25 150
26 158
27 164
28 168
28 170
28 170
30 178
32 193
35 206
35 209
36 216
37 219
37 222
38 226
38 226
39 230
40 239
41 241
41 244
42 251
43 255
43 255
44 261
45 265
45 270
46 275
47 278
47 279
47 280
48 287
50 299
51 302
56 330
57 338
58 342
59 348
59 350
59 352
60 354
60 358
61 360
64 377
67 398
67 398
67 399
68 401
69 407
69 410
70 413
76 450
76 451
77 452
78 461
79 466
79 468
80 473
81 477
81 478
82 486
83 488
83 491
84 498
85 502
85 503
85 504
86 508
86 509
88 522
89 524
91 539
92 541
93 546
93 551
94 555
95 559
95 562
97 571
97 573
100 587
100
0 7
0 9
2 31
3 34
5 64
6 72
6 76
9 99
10 118
11 128
11 130
12 137
12 142
13 152
14 157
15 170
16 183
16 185
20 225
24 268
25 279
25 284
26 285
30 337
31 344
32 360
33 368
34 379
34 380
35 389
35 391
36 398
36 399
37 414
37 415
38 422
39 431
40 448
41 451
41 456
41 457
41 457
42 461
42 463
44 491
45 501
46 507
46 509
48 526
48 528
48 530
48 533
50 548
51 560
51 565
52 580
54 597
54 599
55 613
58 640
59 655
60 663
60 665
62 681
65 713
66 726
68 754
69 766
71 783
74 814
74 821
75 825
75 829
76 834
77 847
79 869
80 885
80 886
81 894
82 908
83 916
84 921
84 922
84 927
85 933
85 935
85 936
85 939
88 964
90 989
91 999
93 1025
93 1026
94 1032
94 1038
97 1063
97 1066
99 1090
99 1094
100 1095
100
1 7
4 32
5 37
8 54
9 61
9 65
10 70
13 88
13 89
14 95
14 97
16 109
18 124
18 125
18 127
19 133
22 152
25 168
25 169
27 184
28 193
28 194
29 199
30 203
30 206
31 211
33 223
34 232
35 237
36 244
37 248
37 252
37 254
39 263
39 266
42 284
43 292
43 294
45 306
46 314
47 319
48 326
48 328
48 328
50 337
50 339
50 340
51 342
52 351
52 353
53 360
54 363
54 364
57 382
57 386
59 398
60 407
61 409
61 409
61 410
61 411
61 413
62 416
62 416
62 421
63 423
65 440
66 443
66 448
67 452
68 462
69 466
69 467
69 468
69 468
72 485
72 487
73 490
74 498
74 501
74 501
74 502
75 507
75 508
77 517
79 531
82 550
82 555
88 591
88 594
91 611
92 619
93 625
93 628
94 636
95 642
97 652
97 655
97 655
98 659
100
1 21
4 92
5 105
5 115
8 161
8 168
9 189
10 194
10 198
10 211
12 246
13 264
15 293
16 316
17 340
18 350
20 389
20 393
20 398
21 408
21 419
22 431
22 441
23 457
24 469
27 535
29 575
31 614
32 627
33 655
34 672
35 693
37 728
38 750
39 765
40 780
45 869
45 873
46 901
48 928
48 939
49 957
49 961
50 965
50 973
50 980
51 988
53 1024
53 1025
54 1056
56 1098
57 1111
57 1115
58 1121
58 1129
58 1129
60 1172
61 1189
62 1204
62 1211
62 1215
63 1221
63 1222
64 1236
65 1259
66 1276
67 1303
70 1369
73 1409
73 1416
75 1453
75 1464
77 1493
77 1498
78 1515
80 1558
81 1572
83 1603
84 1639
85 1644
85 1646
86 1675
87 1681
87 1689
87 1696
88 1706
89 1736
90 1737
90 1741
91 1757
92 1793
94 1815
96 1859
96 1864
97 1874
97 1880
97 1887
97 1888
99 1912
100 1929
100
0 0
0 1
2 4
2 4
6 11
8 14
9 17
9 17
9 17
11 19
12 22
13 24
17 30
17 30
18 31
18 31
19 34
19 34
20 35
20 36
21 37
22 38
25 43
25 44
26 45
27 48
30 52
33 57
36 62
36 63
37 64
38 66
39 68
40 69
41 72
42 73
43 74
46 80
47 82
48 84
50 87
51 88
51 88
51 88
51 88
54 93
54 93
54 93
55 96
56 98
56 98
56 98
57 99
58 100
60 104
61 105
61 106
62 108
62 108
63 109
63 110
65 112
65 113
67 116
69 119
69 120
70 121
70 121
70 122
71 123
72 125
73 126
73 127
75 129
76 132
77 133
77 134
77 134
78 135
79 136
79 136
79 137
83 143
83 143
84 146
86 148
86 149
88 152
88 152
89 154
89 154
91 158
91 158
92 159
95 164
97 167
97 168
98 169
100 172
100 172
100
1 1
3 3
3 3
5 5
6 6
6 6
10 10
11 11
11 11
12 12
13 13
13 13
13 13
16 16
16 16
16 16
17 17
18 18
20 20
21 21
21 21
22 22
22 22
23 23
23 23
24 24
24 24
25 25
26 26
27 27
31 31
31 31
32 32
32 32
32 32
33 33
35 35
37 37
38 38
40 40
41 41
42 42
42 42
45 45
45 45
46 46
46 46
46 46
47 47
47 47
48 48
49 49
50 50
51 51
52 52
53 53
54 54
55 55
56 56
57 57
57 57
58 58
62 62
63 63
63 63
64 64
64 64
64 64
66 66
67 67
69 69
69 69
73 73
73 73
74 74
75 75
75 75
75 75
76 76
76 76
77 77
77 77
77 77
78 78
79 79
80 80
83 83
85 85
85 85
85 85
86 86
89 89
89 89
90 90
90 90
91 91
93 93
95 95
97 97
98 98
100
0 0
1 3
4 12
4 13
5 15
5 16
6 18
7 21
8 26
11 33
12 36
13 38
14 43
15 45
15 46
17 51
21 61
21 62
22 66
23 69
24 71
25 73
25 74
25 74
25 74
25 75
26 78
28 83
29 85
29 85
31 91
31 91
32 94
35 102
36 107
37 109
40 118
41 121
42 123
43 125
45 133
47 139
48 142
49 143
49 144
49 144
50 146
51 148
51 148
55 160
56 163
56 163
56 163
58 169
58 169
60 174
60 176
61 177
61 178
61 179
62 180
62 181
63 183
63 183
63 185
64 186
64 187
64 188
67 197
68 198
68 200
68 200
70 205
71 208
73 214
74 216
77 224
78 227
78 228
80 232
81 236
82 239
83 242
83 243
84 246
86 252
90 263
91 266
93 270
93 270
94 273
95 277
95 278
97 283
98 285
98 286
98 286
99 289
100 290
100 290
100
0 10
3 56
4 77
5 85
5 85
5 91
6 108
7 114
7 118
8 131
8 132
9 144
9 156
11 174
12 191
14 222
16 262
17 281
18 288
18 297
20 319
23 375
24 388
28 445
28 445
28 448
29 455
29 456
29 468
30 474
30 484
31 487
32 502
35 553
36 568
36 572
38 598
40 626
44 690
44 697
46 723
47 748
48 759
49 770
51 805
53 837
53 841
55 868
56 884
56 887
56 890
57 895
57 896
61 958
61 962
62 985
63 989
63 990
65 1026
65 1031
68 1070
68 1073
69 1085
71 1124
72 1129
72 1133
72 1137
72 1137
73 1142
74 1167
74 1171
75 1185
76 1195
77 1214
77 1217
78 1230
79 1238
81 1278
83 1308
84 1327
85 1337
85 1345
85 1345
86 1355
86 1356
87 1363
87 1373
88 1384
89 1395
89 1397
89 1403
90 1415
91 1435
93 1461
96 1502
98 1538
98 1543
98 1547
99 1562
100 1564
100
0 1
0 1
1 3
1 3
3 10
4 12
5 14
6 17
6 17
6 17
6 18
8 21
8 23
13 36
13 36
14 37
15 41
16 42
16 42
16 42
16 43
16 44
16 44
19 51
22 59
23 60
23 62
25 67
28 73
28 75
29 76
29 77
30 78
32 84
32 85
33 88
33 88
34 89
34 90
34 90
34 90
35 92
37 97
37 97
40 105
41 108
42 110
43 112
43 113
47 124
48 127
53 138
56 148
57 149
57 149
58 151
58 153
59 155
59 155
60 157
61 161
61 161
62 163
63 165
63 165
66 173
67 175
67 175
67 176
67 176
69 180
71 186
71 187
73 192
74 193
75 196
79 206
79 206
79 207
80 208
81 213
83 216
83 218
84 220
87 228
88 229
88 231
90 235
91 239
94 246
94 246
94 246
95 247
95 247
95 248
95 248
96 250
98 255
100 260
100 260
100
0 0
6 8
7 9
8 10
9 11
10 12
10 12
11 13
11 13
12 15
13 16
13 16
15 18
15 18
16 19
17 20
17 20
17 20
19 23
20 24
20 24
20 24
21 25
22 26
23 27
23 27
24 28
25 29
25 29
25 30
25 30
27 32
28 33
29 34
30 35
31 36
34 40
35 41
38 45
39 46
39 46
39 46
40 47
42 49
44 52
45 53
45 53
46 54
46 54
47 55
49 57
49 57
51 60
53 62
54 63
54 63
54 63
55 64
56 65
56 65
57 67
58 68
62 73
63 74
65 76
65 76
66 77
66 77
67 78
67 78
69 81
72 84
73 85
73 85
74 86
77 90
77 90
78 91
79 92
79 92
81 94
82 96
83 97
83 97
89 104
89 104
89 104
90 105
91 106
91 106
93 108
93 109
94 110
95 111
97 113
98 114
98 114
99 115
100 116
100 116
100
0 2
1 38
1 39
3 69
4 94
5 114
6 123
7 150
8 178
11 230
11 234
12 257
16 336
17 339
17 356
18 358
19 393
20 399
20 413
21 427
22 444
24 476
25 498
25 514
26 531
27 551
27 551
29 578
30 597
30 604
31 624
31 630
31 631
32 640
34 691
35 694
35 707
35 713
39 778
41 817
43 863
46 922
47 935
47 947
48 957
48 964
51 1015
52 1039
53 1056
55 1105
56 1111
56 1117
57 1139
57 1146
58 1154
60 1206
61 1228
62 1242
63 1252
63 1253
63 1257
67 1330
67 1330
67 1343
67 1345
67 1346
68 1361
69 1381
71 1414
71 1425
73 1454
73 1456
73 1459
75 1493
75 1505
78 1557
80 1600
80 1603
81 1607
81 1608
81 1622
83 1646
84 1681
85 1702
86 1713
86 1715
86 1719
91 1812
91 1820
92 1829
93 1850
93 1856
93 1859
95 1883
95 1887
95 1889
96 1904
97 1926
97 1938
98 1947
100
0 3
3 35
3 39
3 40
3 42
5 55
5 55
6 64
6 74
7 79
8 87
13 141
13 147
14 154
15 163
15 165
16 171
17 182
17 186
19 204
19 205
20 212
20 215
21 225
24 255
26 276
26 282
27 295
27 295
27 295
28 301
28 305
29 308
32 345
32 349
35 372
35 373
37 392
38 409
38 410
41 442
41 443
42 449
43 459
44 472
44 476
45 479
45 483
45 485
47 498
47 500
47 508
50 537
50 539
51 550
52 553
53 564
53 571
56 598
56 600
57 613
57 614
58 618
60 640
62 663
62 664
63 676
63 677
64 680
64 680
65 689
67 720
68 730
69 733
69 736
72 770
75 795
76 809
78 835
80 851
82 869
82 876
84 896
85 904
86 916
87 924
87 927
88 936
88 937
88 940
89 947
90 954
90 956
92 978
92 983
93 992
95 1008
95 1009
98 1044
100 1059
100
7 90
7 91
8 103
8 104
10 132
12 159
15 193
17 226
18 234
19 253
21 276
23 292
23 296
24 310
26 333
30 383
30 384
30 386
30 389
31 399
33 427
34 438
34 441
35 452
36 457
36 460
36 464
36 464
36 469
38 489
39 503
40 511
40 513
44 561
44 565
45 580
49 629
49 632
51 649
51 649
51 651
51 654
52 662
53 682
53 685
54 690
54 697
55 701
55 703
55 708
56 711
57 729
58 747
59 749
59 752
59 756
61 779
61 782
61 783
62 791
62 795
65 832
66 840
66 849
67 857
68 864
68 872
68 872
69 883
70 898
71 901
72 918
73 933
73 935
74 948
74 950
78 995
78 995
81 1029
82 1041
83 1061
84 1068
85 1084
85 1088
86 1096
87 1105
88 1127
89 1142
93 1191
94 1199
94 1203
95 1211
95 1214
96 1221
97 1233
97 1236
98 1251
99 1267
99 1267
100 1269
100
0 0
0 8
1 11
1 12
2 22
2 24
3 27
3 27
5 42
6 49
7 61
8 67
8 72
10 85
11 89
13 105
13 111
13 111
14 116
14 119
17 142
17 142
18 149
19 153
20 166
21 169
21 171
22 180
22 184
23 190
24 195
26 211
26 216
27 220
27 224
28 228
30 245
30 247
30 249
36 297
38 310
40 329
42 339
42 344
43 346
43 348
44 356
44 361
45 366
48 386
48 389
48 393
52 419
52 423
55 447
55 449
55 450
57 459
58 467
60 484
61 495
62 502
63 507
63 510
64 516
64 522
65 527
67 541
68 547
69 555
69 557
69 561
70 570
71 578
72 584
73 589
73 592
76 615
77 624
79 640
81 659
82 661
82 661
83 672
83 672
86 695
87 701
87 706
88 709
89 720
89 721
90 724
90 726
90 731
91 738
93 753
94 757
97 780
99 799
100 804
100
0 0
0 0
0 0
2 4
2 4
3 5
5 9
8 13
8 13
8 13
11 17
12 19
20 31
22 35
23 36
24 38
24 38
26 40
26 41
28 43
28 43
28 44
30 46
30 47
31 48
32 50
35 54
38 59
38 59
38 59
38 59
39 60
39 61
44 68
44 68
45 69
47 72
47 73
48 74
52 80
52 81
53 82
53 82
54 83
54 83
57 88
58 89
58 90
61 94
62 95
62 95
62 96
63 97
64 98
64 98
64 99
64 99
66 102
66 102
66 102
67 104
67 104
69 107
71 109
71 109
71 110
71 110
73 112
73 113
74 114
76 117
76 117
78 120
79 121
80 123
83 127
84 129
86 132
86 133
86 133
86 133
87 134
88 135
88 135
88 135
88 135
88 136
90 138
90 138
90 139
90 139
91 140
91 140
92 142
94 144
94 144
94 145
98 150
100 153
100 153
